0.468367338181 1.0 
0.415876239538 0.0 
0.50883513689 0.0 
0.415676444769 1.0 
0.429112941027 1.0 
0.400056272745 1.0 
0.491195678711 1.0 
0.44779509306 1.0 
0.458204865456 1.0 
0.38735088706 1.0 
0.386132419109 1.0 
0.401190757751 1.0 
0.472482591867 0.0 
0.554952442646 1.0 
0.448165118694 1.0 
0.532881677151 0.0 
0.498145908117 0.0 
0.517678320408 0.0 
0.323023796082 0.0 
0.491195678711 0.0 
0.472482591867 1.0 
0.463735640049 0.0 
0.440204977989 1.0 
0.435505717993 1.0 
0.526092708111 1.0 
0.468666613102 0.0 
0.346611857414 1.0 
0.517678320408 1.0 
0.475763678551 0.0 
0.566192984581 1.0 
0.311727881432 1.0 
0.480002790689 0.0 
0.311727881432 0.0 
0.46530136466 1.0 
0.44779509306 0.0 
0.502030014992 0.0 
0.468666613102 1.0 
0.401190757751 0.0 
0.468367338181 0.0 
0.400056272745 0.0 
0.498145908117 1.0 
0.484374672174 1.0 
0.440204977989 0.0 
0.554952442646 0.0 
0.488526374102 1.0 
0.42090344429 0.0 
0.42090344429 1.0 
0.529516458511 0.0 
0.38735088706 0.0 
0.49829185009 1.0 
0.581134498119 0.0 
0.488526374102 0.0 
0.46843072772 0.0 
0.386132419109 0.0 
0.463735640049 1.0 
0.526092708111 0.0 
0.429112941027 0.0 
0.529516458511 1.0 
0.566192984581 0.0 
0.502030014992 1.0 
0.346611857414 0.0 
0.532881677151 1.0 
0.458204865456 0.0 
0.46530136466 0.0 
0.443370223045 0.0 
0.415676414967 0.0 
0.475763708353 1.0 
0.43550568819 0.0 
0.443370223045 1.0 
0.46843072772 1.0 
0.448165118694 0.0 
0.50883513689 1.0 
0.311359345913 0.0 
0.484374672174 0.0 
0.498291790485 0.0 
0.311359345913 1.0 
0.415876239538 1.0 
0.581134498119 1.0 
0.323023796082 1.0 
0.480002790689 1.0 
