0.508242070675 1.0 
0.404660850763 0.0 
0.332664161921 0.0 
0.477506399155 1.0 
0.377749323845 1.0 
0.499761909246 1.0 
0.359811037779 1.0 
0.491600185633 1.0 
0.436763823032 1.0 
0.43732637167 1.0 
0.369597673416 1.0 
0.486564069986 1.0 
0.497408956289 0.0 
0.496343910694 1.0 
0.402847617865 1.0 
0.576088964939 0.0 
0.481571495533 0.0 
0.576860964298 0.0 
0.479568809271 0.0 
0.359811037779 0.0 
0.497408956289 1.0 
0.437082350254 0.0 
0.601427137852 1.0 
0.630591154099 1.0 
0.504398047924 1.0 
0.42692181468 0.0 
0.606220364571 1.0 
0.576860964298 1.0 
0.398286342621 0.0 
0.560266196728 1.0 
0.382112324238 1.0 
0.541924595833 0.0 
0.382112324238 0.0 
0.241153746843 1.0 
0.491600185633 0.0 
0.224606022239 0.0 
0.42692181468 1.0 
0.486564069986 0.0 
0.508242070675 0.0 
0.499761909246 0.0 
0.481571495533 1.0 
0.562012016773 1.0 
0.601427137852 0.0 
0.496343910694 0.0 
0.433501958847 1.0 
0.54983150959 0.0 
0.54983150959 1.0 
0.460856676102 0.0 
0.43732637167 0.0 
0.360772758722 1.0 
0.550699114799 0.0 
0.433501958847 0.0 
0.484845608473 0.0 
0.369597673416 0.0 
0.437082350254 1.0 
0.504398047924 0.0 
0.377749323845 0.0 
0.460856676102 1.0 
0.560266196728 0.0 
0.224606022239 1.0 
0.606220364571 0.0 
0.576088964939 1.0 
0.436763823032 0.0 
0.241153746843 0.0 
0.516262114048 0.0 
0.477506458759 0.0 
0.398286342621 1.0 
0.630591154099 0.0 
0.516262114048 1.0 
0.484845668077 1.0 
0.402847617865 0.0 
0.332664161921 1.0 
0.373121976852 0.0 
0.562012016773 0.0 
0.360772758722 0.0 
0.373121976852 1.0 
0.404660850763 1.0 
0.550699055195 1.0 
0.479568809271 1.0 
0.541924595833 1.0 
