0.0148636903614 1.0 
0.0613121911883 0.0 
6.29280066278e-06 0.0 
0.99536138773 1.0 
0.931670427322 1.0 
0.0059752468951 1.0 
0.824976205826 1.0 
3.71274063582e-06 1.0 
1.43765259963e-06 1.0 
0.994301080704 1.0 
0.000265015434707 1.0 
8.96754863788e-05 1.0 
0.00143992644735 0.0 
0.998525083065 1.0 
1.45205007129e-07 1.0 
0.0854494124651 0.0 
0.99999153614 0.0 
0.240465328097 0.0 
0.00763397943228 0.0 
0.824976205826 0.0 
0.00143992644735 1.0 
0.995747864246 0.0 
0.17953376472 1.0 
0.00570466835052 1.0 
0.000297990889521 1.0 
0.951631724834 0.0 
2.32660894994e-07 1.0 
0.240465328097 1.0 
0.000124091224279 0.0 
0.0538327619433 1.0 
8.92218668014e-05 1.0 
0.674244225025 0.0 
8.92218668014e-05 0.0 
0.999482989311 1.0 
3.71274063582e-06 0.0 
0.948780238628 0.0 
0.951631724834 1.0 
8.96754863788e-05 0.0 
0.0148636903614 0.0 
0.0059752468951 0.0 
0.99999153614 1.0 
0.996557891369 1.0 
0.17953376472 0.0 
0.998525083065 0.0 
0.633804142475 1.0 
0.769361317158 0.0 
0.769361317158 1.0 
0.942133545876 0.0 
0.994301080704 0.0 
0.00128172221594 1.0 
0.999991893768 0.0 
0.633804142475 0.0 
0.993651866913 0.0 
0.000265015434707 0.0 
0.995747864246 1.0 
0.000297990889521 0.0 
0.931670427322 0.0 
0.942133545876 1.0 
0.0538327619433 0.0 
0.948780238628 1.0 
2.32660894994e-07 0.0 
0.0854494124651 1.0 
1.43765259963e-06 0.0 
0.999482989311 0.0 
0.986565172672 0.0 
0.99536138773 0.0 
0.000124090976897 1.0 
0.00570468697697 0.0 
0.986565172672 1.0 
0.993651866913 1.0 
1.45204737123e-07 0.0 
6.29280611975e-06 1.0 
0.154175728559 0.0 
0.996557891369 0.0 
0.00128172175027 0.0 
0.154175728559 1.0 
0.0613120049238 1.0 
0.999991893768 1.0 
0.00763395102695 1.0 
0.674244344234 1.0 
