0.495088815689 1.0 
0.392764151096 0.0 
0.28762152791 0.0 
0.534953355789 1.0 
0.363132297993 1.0 
0.493889242411 1.0 
0.382849156857 1.0 
0.412866145372 1.0 
0.486559569836 1.0 
0.428715914488 1.0 
0.377129465342 1.0 
0.47411775589 1.0 
0.484560400248 0.0 
0.48889657855 1.0 
0.409382432699 1.0 
0.539959013462 0.0 
0.511307179928 0.0 
0.749786674976 0.0 
0.411340743303 0.0 
0.382849156857 0.0 
0.484560400248 1.0 
0.406547784805 0.0 
0.782597064972 1.0 
0.661308586597 1.0 
0.438103556633 1.0 
0.391065001488 0.0 
0.643227815628 1.0 
0.749786674976 1.0 
0.381939321756 0.0 
0.613467037678 1.0 
0.397348642349 1.0 
0.444676250219 0.0 
0.397348642349 0.0 
0.245491892099 1.0 
0.412866145372 0.0 
0.252013385296 0.0 
0.391065001488 1.0 
0.47411775589 0.0 
0.495088815689 0.0 
0.493889242411 0.0 
0.511307179928 1.0 
0.646793723106 1.0 
0.782597064972 0.0 
0.48889657855 0.0 
0.378360509872 1.0 
0.665428459644 0.0 
0.665428459644 1.0 
0.424380987883 0.0 
0.428715914488 0.0 
0.301946461201 1.0 
0.501024246216 0.0 
0.378360509872 0.0 
0.534276366234 0.0 
0.377129465342 0.0 
0.406547784805 1.0 
0.438103556633 0.0 
0.363132297993 0.0 
0.424380987883 1.0 
0.613467037678 0.0 
0.252013385296 1.0 
0.643227815628 0.0 
0.539959013462 1.0 
0.486559569836 0.0 
0.245491892099 0.0 
0.427025973797 0.0 
0.534953355789 0.0 
0.381939321756 1.0 
0.661308586597 0.0 
0.427025973797 1.0 
0.534276366234 1.0 
0.409382432699 0.0 
0.28762152791 1.0 
0.429676413536 0.0 
0.646793842316 0.0 
0.301946431398 0.0 
0.429676413536 1.0 
0.392764151096 1.0 
0.501024246216 1.0 
0.411340743303 1.0 
0.444676250219 1.0 
