0.286668330431 1.0 
0.0663833245635 0.0 
6.2916301431e-06 0.0 
0.999245762825 1.0 
0.935453593731 1.0 
0.0902803465724 1.0 
0.0595301687717 1.0 
0.0179402474314 1.0 
0.911741197109 1.0 
0.083804063499 1.0 
2.79447740468e-05 1.0 
0.00208929623477 1.0 
0.9889498353 0.0 
0.292110562325 1.0 
0.955997467041 1.0 
0.999513983727 0.0 
0.999999642372 0.0 
0.0190825425088 0.0 
0.00324761634693 0.0 
0.0595301687717 0.0 
0.9889498353 1.0 
0.000306891364744 0.0 
4.43611315859e-06 1.0 
0.999302268028 1.0 
0.972924768925 1.0 
0.000108306412585 0.0 
0.483865082264 1.0 
0.0190825425088 1.0 
0.068979807198 0.0 
0.999107062817 1.0 
0.000173587832251 1.0 
0.177364289761 0.0 
0.000173587832251 0.0 
3.15958482133e-06 1.0 
0.0179402474314 0.0 
2.35269666859e-07 0.0 
0.000108306412585 1.0 
0.00208929623477 0.0 
0.286668330431 0.0 
0.0902803465724 0.0 
0.999999642372 1.0 
0.992477357388 1.0 
4.43611315859e-06 0.0 
0.292110562325 0.0 
7.22258164387e-07 1.0 
0.999976873398 0.0 
0.999976873398 1.0 
0.00022537271434 0.0 
0.083804063499 0.0 
0.238270044327 1.0 
0.999765336514 0.0 
7.22258164387e-07 0.0 
0.470521688461 0.0 
2.79447740468e-05 0.0 
0.000306891364744 1.0 
0.972924768925 0.0 
0.935453593731 0.0 
0.00022537271434 1.0 
0.999107062817 0.0 
2.35269666859e-07 1.0 
0.483865082264 0.0 
0.999513983727 1.0 
0.911741197109 0.0 
3.15958482133e-06 0.0 
0.179632738233 0.0 
0.999245762825 0.0 
0.068979807198 1.0 
0.999302268028 0.0 
0.179632738233 1.0 
0.470521956682 1.0 
0.955997467041 0.0 
6.29161831966e-06 1.0 
0.755496263504 0.0 
0.992477357388 0.0 
0.23827008903 0.0 
0.755496263504 1.0 
0.0663832947612 1.0 
0.999765336514 1.0 
0.00324761751108 1.0 
0.177364289761 1.0 
