0.454569220543 1.0 
0.37554821372 0.0 
0.339981555939 0.0 
0.478171139956 1.0 
0.382558196783 1.0 
0.478444993496 1.0 
0.351514011621 1.0 
0.38865852356 1.0 
0.412825912237 1.0 
0.380616545677 1.0 
0.441073775291 1.0 
0.427365034819 1.0 
0.428121596575 0.0 
0.460589528084 1.0 
0.328155457973 1.0 
0.499031752348 0.0 
0.518433868885 0.0 
0.678577244282 0.0 
0.387505292892 0.0 
0.351514011621 0.0 
0.428121596575 1.0 
0.456703513861 0.0 
0.621110796928 1.0 
0.610691547394 1.0 
0.471135795116 1.0 
0.444959014654 0.0 
0.60858887434 1.0 
0.678577244282 1.0 
0.379739522934 0.0 
0.506087720394 1.0 
0.313074827194 1.0 
0.458661228418 0.0 
0.313074827194 0.0 
0.28754773736 1.0 
0.38865852356 0.0 
0.270092219114 0.0 
0.444959014654 1.0 
0.427365034819 0.0 
0.454569220543 0.0 
0.478444993496 0.0 
0.518433868885 1.0 
0.618725836277 1.0 
0.621110796928 0.0 
0.460589528084 0.0 
0.479786664248 1.0 
0.600606262684 0.0 
0.600606262684 1.0 
0.474462121725 0.0 
0.380616545677 0.0 
0.413255393505 1.0 
0.544094085693 0.0 
0.479786664248 0.0 
0.544222891331 0.0 
0.441073775291 0.0 
0.456703513861 1.0 
0.471135795116 0.0 
0.382558196783 0.0 
0.474462121725 1.0 
0.506087720394 0.0 
0.270092219114 1.0 
0.60858887434 0.0 
0.499031752348 1.0 
0.412825912237 0.0 
0.28754773736 0.0 
0.431654840708 0.0 
0.478171139956 0.0 
0.379739522934 1.0 
0.610691547394 0.0 
0.431654840708 1.0 
0.544222891331 1.0 
0.328155428171 0.0 
0.339981615543 1.0 
0.438434094191 0.0 
0.618725776672 0.0 
0.413255423307 0.0 
0.438434094191 1.0 
0.37554821372 1.0 
0.544094145298 1.0 
0.387505292892 1.0 
0.458661228418 1.0 
