0.936317205429 1.0 
0.241411328316 0.0 
2.06304048334e-06 0.0 
0.999999046326 1.0 
0.879510521889 1.0 
0.0254910103977 1.0 
0.431791216135 1.0 
0.599793612957 1.0 
0.999516844749 1.0 
0.947085916996 1.0 
3.92685215047e-05 1.0 
0.0690673440695 1.0 
0.915935099125 0.0 
0.988459050655 1.0 
0.853604316711 1.0 
0.0192006453872 0.0 
0.991665422916 0.0 
0.999997854233 0.0 
0.00166687578894 0.0 
0.431791216135 0.0 
0.915935099125 1.0 
3.67947649238e-07 0.0 
0.999999761581 1.0 
5.23246671946e-05 1.0 
0.00261075352319 1.0 
9.35650314204e-06 0.0 
0.996308207512 1.0 
0.999997854233 1.0 
0.00100296852179 0.0 
0.999399423599 1.0 
0.584837973118 1.0 
0.234405100346 0.0 
0.584837973118 0.0 
2.93121829031e-08 1.0 
0.599793612957 0.0 
7.94029980655e-11 0.0 
9.35650314204e-06 1.0 
0.0690673440695 0.0 
0.936317205429 0.0 
0.0254910103977 0.0 
0.991665422916 1.0 
5.3006493772e-07 1.0 
0.999999761581 0.0 
0.988459050655 0.0 
1.09436202322e-08 1.0 
0.00172081578057 0.0 
0.00172081578057 1.0 
6.73381291563e-05 0.0 
0.947085916996 0.0 
0.0224453955889 1.0 
0.0183004979044 0.0 
1.09436202322e-08 0.0 
1.0 0.0 
3.92685215047e-05 0.0 
3.67947649238e-07 1.0 
0.00261075352319 0.0 
0.879510521889 0.0 
6.73381291563e-05 1.0 
0.999399423599 0.0 
7.94029980655e-11 1.0 
0.996308207512 0.0 
0.0192006453872 1.0 
0.999516844749 0.0 
2.93121829031e-08 0.0 
0.0179221779108 0.0 
0.999999046326 0.0 
0.00100296759047 1.0 
5.23246671946e-05 0.0 
0.0179221779108 1.0 
1.0 1.0 
0.853604137897 0.0 
2.06304048334e-06 1.0 
0.000115549752081 0.0 
5.30066415649e-07 0.0 
0.0224454775453 0.0 
0.000115549752081 1.0 
0.241411328316 1.0 
0.0183005128056 1.0 
0.00166687660385 1.0 
0.234405145049 1.0 
