0.482025563717 1.0 
0.462553173304 0.0 
0.5228343606 0.0 
0.439674705267 1.0 
0.426427304745 1.0 
0.487813830376 1.0 
0.446981698275 1.0 
0.386479735374 1.0 
0.4363309443 1.0 
0.426412284374 1.0 
0.429349005222 1.0 
0.480398714542 1.0 
0.515992641449 0.0 
0.571341812611 1.0 
0.464693963528 1.0 
0.547599494457 0.0 
0.615149080753 0.0 
0.501467645168 0.0 
0.390136957169 0.0 
0.446981698275 0.0 
0.515992641449 1.0 
0.488203346729 0.0 
0.494345992804 1.0 
0.455943316221 1.0 
0.561122834682 1.0 
0.483605265617 0.0 
0.437490701675 1.0 
0.501467645168 1.0 
0.490979075432 0.0 
0.539076268673 1.0 
0.432206004858 1.0 
0.478988140821 0.0 
0.432206004858 0.0 
0.547584593296 1.0 
0.386479735374 0.0 
0.539747774601 0.0 
0.483605265617 1.0 
0.480398714542 0.0 
0.482025563717 0.0 
0.487813830376 0.0 
0.615149080753 1.0 
0.534056782722 1.0 
0.494345992804 0.0 
0.571341812611 0.0 
0.472563236952 1.0 
0.501120984554 0.0 
0.501120984554 1.0 
0.50531321764 0.0 
0.426412284374 0.0 
0.497219949961 1.0 
0.625285685062 0.0 
0.472563236952 0.0 
0.472515821457 0.0 
0.429349005222 0.0 
0.488203346729 1.0 
0.561122834682 0.0 
0.426427304745 0.0 
0.50531321764 1.0 
0.539076268673 0.0 
0.539747774601 1.0 
0.437490701675 0.0 
0.547599494457 1.0 
0.4363309443 0.0 
0.547584593296 0.0 
0.478315740824 0.0 
0.439674705267 0.0 
0.490979075432 1.0 
0.455943316221 0.0 
0.478315740824 1.0 
0.472515821457 1.0 
0.464693963528 0.0 
0.5228343606 1.0 
0.382220298052 0.0 
0.534056723118 0.0 
0.497219949961 0.0 
0.382220298052 1.0 
0.462553173304 1.0 
0.625285685062 1.0 
0.390136986971 1.0 
0.478988170624 1.0 
