0.43820258975 1.0 
0.0711543634534 0.0 
4.04533921028e-06 0.0 
0.999318599701 1.0 
0.677702188492 1.0 
0.00114786403719 1.0 
0.558308780193 1.0 
0.00198164815083 1.0 
0.4197255373 1.0 
0.522056639194 1.0 
0.000224885880016 1.0 
0.00526935793459 1.0 
0.998346328735 0.0 
0.984217882156 1.0 
0.000510777870659 1.0 
0.913595855236 0.0 
0.970059037209 0.0 
0.0586362667382 0.0 
0.00427942117676 0.0 
0.558308780193 0.0 
0.998346328735 1.0 
0.134943887591 0.0 
0.00063517090166 1.0 
0.0404085181653 1.0 
0.00336329103447 1.0 
0.0975181534886 0.0 
0.90589338541 1.0 
0.0586362667382 1.0 
0.400040119886 0.0 
0.999842524529 1.0 
0.000234482547967 1.0 
0.133068352938 0.0 
0.000234482547967 0.0 
0.000306264410028 1.0 
0.00198164815083 0.0 
0.118767939508 0.0 
0.0975181534886 1.0 
0.00526935793459 0.0 
0.43820258975 0.0 
0.00114786403719 0.0 
0.970059037209 1.0 
0.0114707155153 1.0 
0.00063517090166 0.0 
0.984217882156 0.0 
0.00865690317005 1.0 
0.999283969402 0.0 
0.999283969402 1.0 
0.0170690286905 0.0 
0.522056639194 0.0 
1.39180092447e-05 1.0 
0.13652049005 0.0 
0.00865690317005 0.0 
0.989679098129 0.0 
0.000224885880016 0.0 
0.134943887591 1.0 
0.00336329103447 0.0 
0.677702188492 0.0 
0.0170690286905 1.0 
0.999842524529 0.0 
0.118767939508 1.0 
0.90589338541 0.0 
0.913595855236 1.0 
0.4197255373 0.0 
0.000306264410028 0.0 
0.262520283461 0.0 
0.999318599701 0.0 
0.400039762259 1.0 
0.0404084995389 0.0 
0.262520283461 1.0 
0.989679098129 1.0 
0.000510777404997 0.0 
4.04534330301e-06 1.0 
0.947029590607 0.0 
0.0114706996828 0.0 
1.39179974212e-05 0.0 
0.947029590607 1.0 
0.0711543038487 1.0 
0.136520653963 1.0 
0.00427941698581 1.0 
0.13306838274 1.0 
