0.52038615942 1.0 
0.383051216602 0.0 
0.312687456608 0.0 
0.458774298429 1.0 
0.437903910875 1.0 
0.482306599617 1.0 
0.352690547705 1.0 
0.448647171259 1.0 
0.462953269482 1.0 
0.435207515955 1.0 
0.350307911634 1.0 
0.478743851185 1.0 
0.45737862587 0.0 
0.562290549278 1.0 
0.405074179173 1.0 
0.595200121403 0.0 
0.563817739487 0.0 
0.810399115086 0.0 
0.436230868101 0.0 
0.352690547705 0.0 
0.45737862587 1.0 
0.369414925575 0.0 
0.733726382256 1.0 
0.649476051331 1.0 
0.515678465366 1.0 
0.366641253233 0.0 
0.61667829752 1.0 
0.810399115086 1.0 
0.380986630917 0.0 
0.637867927551 1.0 
0.377330362797 1.0 
0.547491133213 0.0 
0.377330362797 0.0 
0.304982483387 1.0 
0.448647171259 0.0 
0.306685477495 0.0 
0.366641253233 1.0 
0.478743851185 0.0 
0.52038615942 0.0 
0.482306599617 0.0 
0.563817739487 1.0 
0.652702927589 1.0 
0.733726382256 0.0 
0.562290549278 0.0 
0.39758592844 1.0 
0.619574844837 0.0 
0.619574844837 1.0 
0.459697127342 0.0 
0.435207515955 0.0 
0.386070966721 1.0 
0.673244178295 0.0 
0.39758592844 0.0 
0.541772782803 0.0 
0.350307911634 0.0 
0.369414925575 1.0 
0.515678465366 0.0 
0.437903910875 0.0 
0.459697127342 1.0 
0.637867927551 0.0 
0.306685477495 1.0 
0.61667829752 0.0 
0.595200121403 1.0 
0.462953269482 0.0 
0.304982483387 0.0 
0.503695309162 0.0 
0.45877417922 0.0 
0.380986601114 1.0 
0.649476051331 0.0 
0.503695309162 1.0 
0.541772842407 1.0 
0.405074179173 0.0 
0.312687397003 1.0 
0.41680753231 0.0 
0.652702987194 0.0 
0.386070966721 0.0 
0.41680753231 1.0 
0.383051216602 1.0 
0.673244178295 1.0 
0.436230868101 1.0 
0.547491133213 1.0 
