0.000343286548741 1.0 
0.081958077848 0.0 
9.00879570054e-07 0.0 
0.55874890089 1.0 
0.906553983688 1.0 
0.898808181286 1.0 
0.593670904636 1.0 
0.000486024422571 1.0 
0.00386629882269 1.0 
0.378714740276 1.0 
0.029571313411 1.0 
0.0254595670849 1.0 
0.247846499085 0.0 
0.996842026711 1.0 
0.00119762180839 1.0 
0.999907135963 0.0 
0.999948859215 0.0 
0.840107500553 0.0 
0.581369638443 0.0 
0.593670904636 0.0 
0.247846499085 1.0 
0.50649189949 0.0 
0.947983324528 1.0 
1.57295107783e-06 1.0 
0.0245372056961 1.0 
0.967321276665 0.0 
0.0020672462415 1.0 
0.840107500553 1.0 
0.0324871167541 0.0 
0.987702071667 1.0 
0.0993349552155 1.0 
0.733277320862 0.0 
0.0993349552155 0.0 
0.000359911588021 1.0 
0.000486024422571 0.0 
0.289236485958 0.0 
0.967321276665 1.0 
0.0254595670849 0.0 
0.000343286548741 0.0 
0.898808181286 0.0 
0.999948859215 1.0 
0.0415130741894 1.0 
0.947983324528 0.0 
0.996842026711 0.0 
0.999693393707 1.0 
0.267668068409 0.0 
0.267668068409 1.0 
0.486265003681 0.0 
0.378714740276 0.0 
0.00290595693514 1.0 
0.999999642372 0.0 
0.999693393707 0.0 
0.991193473339 0.0 
0.029571313411 0.0 
0.50649189949 1.0 
0.0245372056961 0.0 
0.906553983688 0.0 
0.486265003681 1.0 
0.987702071667 0.0 
0.289236485958 1.0 
0.0020672462415 0.0 
0.999907135963 1.0 
0.00386629882269 0.0 
0.000359911588021 0.0 
0.547639906406 0.0 
0.558748602867 0.0 
0.0324870944023 1.0 
1.57295403369e-06 0.0 
0.547639906406 1.0 
0.991193473339 1.0 
0.00119762530085 0.0 
9.00877864751e-07 1.0 
0.0277307797223 0.0 
0.041513107717 0.0 
0.00290595390834 0.0 
0.0277307797223 1.0 
0.0819581225514 1.0 
0.999999642372 1.0 
0.581369876862 1.0 
0.733277440071 1.0 
