0.955341994762 1.0 
0.505738794804 0.0 
4.92516664963e-05 0.0 
0.99992954731 1.0 
0.998307704926 1.0 
0.735030174255 1.0 
0.994916439056 1.0 
0.029280025512 1.0 
0.939054310322 1.0 
0.0156583134085 1.0 
0.000440992851509 1.0 
0.404270529747 1.0 
0.784089505672 0.0 
0.813709378242 1.0 
0.958845198154 1.0 
0.805970668793 0.0 
0.999983310699 0.0 
0.807778477669 0.0 
0.00155128503684 0.0 
0.994916439056 0.0 
0.784089505672 1.0 
1.24863490782e-05 0.0 
0.525567471981 1.0 
0.999145030975 1.0 
0.0774919390678 1.0 
4.70107188448e-05 0.0 
0.922425866127 1.0 
0.807778477669 1.0 
0.0992976129055 0.0 
0.783739626408 1.0 
0.0260458681732 1.0 
0.152223572135 0.0 
0.0260458681732 0.0 
0.000396050076233 1.0 
0.029280025512 0.0 
7.24346582714e-09 0.0 
4.70107188448e-05 1.0 
0.404270529747 0.0 
0.955341994762 0.0 
0.735030174255 0.0 
0.999983310699 1.0 
0.957427680492 1.0 
0.525567471981 0.0 
0.813709378242 0.0 
3.19590653817e-05 1.0 
0.999999046326 0.0 
0.999999046326 1.0 
4.29032706961e-06 0.0 
0.0156583134085 0.0 
0.0431856662035 1.0 
0.998967885971 0.0 
3.19590653817e-05 0.0 
0.999511599541 0.0 
0.000440992851509 0.0 
1.24863490782e-05 1.0 
0.0774919390678 0.0 
0.998307704926 0.0 
4.29032706961e-06 1.0 
0.783739626408 0.0 
7.24346582714e-09 1.0 
0.922425866127 0.0 
0.805970668793 1.0 
0.939054310322 0.0 
0.000396050076233 0.0 
0.0754425525665 0.0 
0.99992954731 0.0 
0.0992976352572 1.0 
0.999145030975 0.0 
0.0754425525665 1.0 
0.999511599541 1.0 
0.958845198154 0.0 
4.92516664963e-05 1.0 
0.999466001987 0.0 
0.957427561283 0.0 
0.0431857034564 0.0 
0.999466001987 1.0 
0.505738854408 1.0 
0.998967885971 1.0 
0.00155128643382 1.0 
0.152223527431 1.0 
