0.979004144669 1.0 
0.35089507699 0.0 
2.36100986513e-05 0.0 
0.999875664711 1.0 
0.00221255770884 1.0 
0.0385962687433 1.0 
0.322701513767 1.0 
0.169732198119 1.0 
0.999641656876 1.0 
0.298247039318 1.0 
9.32935727178e-05 1.0 
0.00682215765119 1.0 
0.997521579266 0.0 
0.991007983685 1.0 
0.909910619259 1.0 
0.0237064659595 0.0 
0.99999320507 0.0 
0.984812140465 0.0 
0.144177556038 0.0 
0.322701513767 0.0 
0.997521579266 1.0 
6.13537309846e-09 0.0 
0.999665141106 1.0 
0.532201647758 1.0 
0.0460606701672 1.0 
3.64481752513e-06 0.0 
0.021948479116 1.0 
0.984812140465 1.0 
0.0896558016539 0.0 
0.102186284959 1.0 
0.188301235437 1.0 
0.115617521107 0.0 
0.188301235437 0.0 
1.98152019237e-08 1.0 
0.169732198119 0.0 
1.33661373525e-07 0.0 
3.64481752513e-06 1.0 
0.00682215765119 0.0 
0.979004144669 0.0 
0.0385962687433 0.0 
0.99999320507 1.0 
5.38633776159e-06 1.0 
0.999665141106 0.0 
0.991007983685 0.0 
1.29161932705e-07 1.0 
0.495920687914 0.0 
0.495920687914 1.0 
1.16497149065e-05 0.0 
0.298247039318 0.0 
0.23417980969 1.0 
0.44834330678 0.0 
1.29161932705e-07 0.0 
0.999981164932 0.0 
9.32935727178e-05 0.0 
6.13537309846e-09 1.0 
0.0460606701672 0.0 
0.00221255770884 0.0 
1.16497149065e-05 1.0 
0.102186284959 0.0 
1.33661373525e-07 1.0 
0.021948479116 0.0 
0.0237064659595 1.0 
0.999641656876 0.0 
1.98152019237e-08 0.0 
0.146203100681 0.0 
0.999875664711 0.0 
0.0896558016539 1.0 
0.532201647758 0.0 
0.146203100681 1.0 
0.999981164932 1.0 
0.909910738468 0.0 
2.36100531765e-05 1.0 
0.00330608780496 0.0 
5.38630638403e-06 0.0 
0.234179764986 0.0 
0.00330608780496 1.0 
0.350895196199 1.0 
0.448343753815 1.0 
0.144177556038 1.0 
0.115617521107 1.0 
