0.78127938509 1.0 
0.515836119652 0.0 
0.000297360529657 0.0 
0.998286902905 1.0 
0.959187209606 1.0 
0.193695873022 1.0 
0.744940400124 1.0 
0.0485697500408 1.0 
0.99710637331 1.0 
0.534210562706 1.0 
0.00102976860944 1.0 
0.0826371088624 1.0 
0.972848594189 0.0 
0.922721922398 1.0 
0.307724326849 1.0 
0.0430238209665 0.0 
0.962226212025 0.0 
0.999999165535 0.0 
0.0517675578594 0.0 
0.744940400124 0.0 
0.972848594189 1.0 
1.35389700517e-05 0.0 
0.999999284744 1.0 
0.925262331963 1.0 
0.00533310836181 1.0 
6.02237014391e-05 0.0 
0.998598992825 1.0 
0.999999165535 1.0 
0.195203796029 0.0 
0.378328591585 1.0 
0.013853286393 1.0 
0.143141895533 0.0 
0.013853286393 0.0 
2.66645542979e-06 1.0 
0.0485697500408 0.0 
2.01075326913e-05 0.0 
6.02237014391e-05 1.0 
0.0826371088624 0.0 
0.78127938509 0.0 
0.193695873022 0.0 
0.962226212025 1.0 
0.0173826254904 1.0 
0.999999284744 0.0 
0.922721922398 0.0 
0.00795437954366 1.0 
0.999913334846 0.0 
0.999913334846 1.0 
0.0168931279331 0.0 
0.534210562706 0.0 
0.000705598504283 1.0 
0.999803006649 0.0 
0.00795437954366 0.0 
0.805624902248 0.0 
0.00102976860944 0.0 
1.35389700517e-05 1.0 
0.00533310836181 0.0 
0.959187209606 0.0 
0.0168931279331 1.0 
0.378328591585 0.0 
2.01075326913e-05 1.0 
0.998598992825 0.0 
0.0430238209665 1.0 
0.99710637331 0.0 
2.66645542979e-06 0.0 
0.261271595955 0.0 
0.998286902905 0.0 
0.195203766227 1.0 
0.925262272358 0.0 
0.261271595955 1.0 
0.805624723434 1.0 
0.307724505663 0.0 
0.000297360791592 1.0 
0.999884963036 0.0 
0.0173826031387 0.0 
0.000705598213244 0.0 
0.999884963036 1.0 
0.515836000443 1.0 
0.999803006649 1.0 
0.0517675504088 1.0 
0.143141940236 1.0 
