0.0840864628553 1.0 
0.0507068112493 0.0 
6.61180674797e-05 0.0 
0.285520344973 1.0 
0.910294890404 1.0 
0.0210282783955 1.0 
0.145472988486 1.0 
0.0624679587781 1.0 
0.295196980238 1.0 
0.403051286936 1.0 
0.0732469931245 1.0 
0.00031886229408 1.0 
0.99604344368 0.0 
0.303126484156 1.0 
0.00151499116328 1.0 
0.967291235924 0.0 
0.997545897961 0.0 
0.948834717274 0.0 
0.0738778486848 0.0 
0.145472988486 0.0 
0.99604344368 1.0 
0.854817509651 0.0 
0.83632004261 1.0 
0.248273208737 1.0 
0.029555791989 1.0 
0.343652039766 0.0 
0.991035282612 1.0 
0.948834717274 1.0 
0.223723709583 0.0 
0.660169422626 1.0 
0.00101887795608 1.0 
0.0566234588623 0.0 
0.00101887795608 0.0 
9.43206214288e-06 1.0 
0.0624679587781 0.0 
5.58578540222e-05 0.0 
0.343652039766 1.0 
0.00031886229408 0.0 
0.0840864628553 0.0 
0.0210282783955 0.0 
0.997545897961 1.0 
1.11926947284e-05 1.0 
0.83632004261 0.0 
0.303126484156 0.0 
0.135628908873 1.0 
0.993926227093 0.0 
0.993926227093 1.0 
0.998358428478 0.0 
0.403051286936 0.0 
0.0429053753614 1.0 
0.996413171291 0.0 
0.135628908873 0.0 
0.952232658863 0.0 
0.0732469931245 0.0 
0.854817509651 1.0 
0.029555791989 0.0 
0.910294890404 0.0 
0.998358428478 1.0 
0.660169422626 0.0 
5.58578540222e-05 1.0 
0.991035282612 0.0 
0.967291235924 1.0 
0.295196980238 0.0 
9.43206214288e-06 0.0 
0.0512017048895 0.0 
0.285520106554 0.0 
0.223723605275 1.0 
0.248273208737 0.0 
0.0512017048895 1.0 
0.952232539654 1.0 
0.00151499267668 0.0 
6.61180674797e-05 1.0 
0.0751402229071 0.0 
1.11927165563e-05 0.0 
0.0429053753614 0.0 
0.0751402229071 1.0 
0.0507068000734 1.0 
0.996413171291 1.0 
0.0738778412342 1.0 
0.0566234439611 1.0 
