0.91304397583 1.0 
0.605268955231 0.0 
3.96703171646e-06 0.0 
0.987929224968 1.0 
0.999985098839 1.0 
0.619357645512 1.0 
0.951015710831 1.0 
0.800930202007 1.0 
0.994066953659 1.0 
0.0182483550161 1.0 
0.998256266117 1.0 
0.895363509655 1.0 
0.98786687851 0.0 
0.959023237228 1.0 
0.980455636978 1.0 
0.892442882061 0.0 
0.999999761581 0.0 
0.959674715996 0.0 
0.000480216229334 0.0 
0.951015710831 0.0 
0.98786687851 1.0 
7.70590559114e-05 0.0 
0.623216986656 1.0 
0.978740215302 1.0 
0.767521739006 1.0 
5.18753367942e-05 0.0 
0.945111989975 1.0 
0.959674715996 1.0 
0.0295537002385 0.0 
0.997787714005 1.0 
0.149566456676 1.0 
0.451787561178 0.0 
0.149566456676 0.0 
0.000237114712945 1.0 
0.800930202007 0.0 
0.000442241027486 0.0 
5.18753367942e-05 1.0 
0.895363509655 0.0 
0.91304397583 0.0 
0.619357645512 0.0 
0.999999761581 1.0 
0.999999642372 1.0 
0.623216986656 0.0 
0.959023237228 0.0 
0.0239085666835 1.0 
1.0 0.0 
1.0 1.0 
0.000113622896606 0.0 
0.0182483550161 0.0 
0.00303474464454 1.0 
0.999913692474 0.0 
0.0239085666835 0.0 
0.989850878716 0.0 
0.998256266117 0.0 
7.70590559114e-05 1.0 
0.767521739006 0.0 
0.999985098839 0.0 
0.000113622896606 1.0 
0.997787714005 0.0 
0.000442241027486 1.0 
0.945111989975 0.0 
0.892442882061 1.0 
0.994066953659 0.0 
0.000237114712945 0.0 
0.743408441544 0.0 
0.987929105759 0.0 
0.0295536927879 1.0 
0.978740215302 0.0 
0.743408441544 1.0 
0.989850878716 1.0 
0.980455636978 0.0 
3.96703535444e-06 1.0 
0.995991051197 0.0 
0.999999642372 0.0 
0.0030347504653 0.0 
0.995991051197 1.0 
0.605268955231 1.0 
0.999913692474 1.0 
0.000480216229334 1.0 
0.45178720355 1.0 
