0.000593561911955 1.0 
0.000367564876797 0.0 
3.95568719114e-07 0.0 
0.988857209682 1.0 
0.963943004608 1.0 
0.0698703080416 1.0 
0.98222219944 1.0 
0.817234992981 1.0 
0.992584347725 1.0 
7.6694857853e-05 1.0 
7.00560121913e-06 1.0 
4.18412928411e-05 1.0 
0.998806595802 0.0 
0.770160198212 1.0 
3.17318978205e-07 1.0 
0.999034881592 0.0 
1.36130935857e-07 0.0 
0.992399275303 0.0 
0.000227953525609 0.0 
0.98222219944 0.0 
0.998806595802 1.0 
0.991634249687 0.0 
0.977469742298 1.0 
5.10641086748e-07 1.0 
0.000724505342077 1.0 
0.0396129712462 0.0 
1.59128834554e-08 1.0 
0.992399275303 1.0 
0.000342404091498 0.0 
0.999965667725 1.0 
0.000247302406933 1.0 
0.976788759232 0.0 
0.000247302406933 0.0 
0.0746985673904 1.0 
0.817234992981 0.0 
0.330308735371 0.0 
0.0396129712462 1.0 
4.18412928411e-05 0.0 
0.000593561911955 0.0 
0.0698703080416 0.0 
1.36130935857e-07 1.0 
0.0834280773997 1.0 
0.977469742298 0.0 
0.770160198212 0.0 
0.736262798309 1.0 
0.0235865749419 0.0 
0.0235865749419 1.0 
0.855825126171 0.0 
7.6694857853e-05 0.0 
8.85529298102e-05 1.0 
0.851971268654 0.0 
0.736262798309 0.0 
0.98008453846 0.0 
7.00560121913e-06 0.0 
0.991634249687 1.0 
0.000724505342077 0.0 
0.963943004608 0.0 
0.855825126171 1.0 
0.999965667725 0.0 
0.330308735371 1.0 
1.59128834554e-08 0.0 
0.999034881592 1.0 
0.992584347725 0.0 
0.0746985673904 0.0 
0.0185809582472 0.0 
0.988857209682 0.0 
0.000342404760886 1.0 
5.10643019425e-07 0.0 
0.0185809582472 1.0 
0.98008453846 1.0 
3.17318978205e-07 0.0 
3.95567980149e-07 1.0 
0.000259979919065 0.0 
0.0834282636642 0.0 
8.85527624632e-05 0.0 
0.000259979919065 1.0 
0.000367565196939 1.0 
0.85197198391 1.0 
0.000227953947615 1.0 
0.976788759232 1.0 
