0.480539441109 1.0 
0.431301742792 0.0 
0.339110761881 0.0 
0.434127092361 1.0 
0.418441385031 1.0 
0.481986224651 1.0 
0.405372172594 1.0 
0.489842414856 1.0 
0.451060324907 1.0 
0.425194710493 1.0 
0.370960652828 1.0 
0.497234374285 1.0 
0.497760087252 0.0 
0.460975438356 1.0 
0.360392212868 1.0 
0.564770996571 0.0 
0.508723258972 0.0 
0.603246986866 0.0 
0.497053265572 0.0 
0.405372172594 0.0 
0.497760087252 1.0 
0.486168682575 0.0 
0.609998762608 1.0 
0.608703136444 1.0 
0.457765161991 1.0 
0.451285898685 0.0 
0.605650544167 1.0 
0.603246986866 1.0 
0.427134245634 0.0 
0.549076616764 1.0 
0.346869975328 1.0 
0.548813998699 0.0 
0.346869975328 0.0 
0.296585202217 1.0 
0.489842414856 0.0 
0.286418646574 0.0 
0.451285898685 1.0 
0.497234374285 0.0 
0.480539441109 0.0 
0.481986224651 0.0 
0.508723258972 1.0 
0.658496201038 1.0 
0.609998762608 0.0 
0.460975438356 0.0 
0.465342342854 1.0 
0.58327716589 0.0 
0.58327716589 1.0 
0.467129677534 0.0 
0.425194710493 0.0 
0.384761661291 1.0 
0.554287791252 0.0 
0.465342342854 0.0 
0.441805422306 0.0 
0.370960652828 0.0 
0.486168682575 1.0 
0.457765161991 0.0 
0.418441385031 0.0 
0.467129677534 1.0 
0.549076616764 0.0 
0.286418646574 1.0 
0.605650544167 0.0 
0.564770996571 1.0 
0.451060324907 0.0 
0.296585202217 0.0 
0.526964962482 0.0 
0.434127032757 0.0 
0.427134245634 1.0 
0.608703196049 0.0 
0.526964962482 1.0 
0.441805362701 1.0 
0.360392212868 0.0 
0.339110732079 1.0 
0.34977710247 0.0 
0.658496081829 0.0 
0.384761661291 0.0 
0.34977710247 1.0 
0.431301742792 1.0 
0.554287791252 1.0 
0.497053265572 1.0 
0.548813998699 1.0 
