0.165125116706 1.0 
0.00868150684983 0.0 
5.17065200256e-05 0.0 
0.996425688267 1.0 
0.233228355646 1.0 
0.0338807851076 1.0 
0.267502725124 1.0 
0.0677745863795 1.0 
0.410102456808 1.0 
0.000897749850992 1.0 
0.00667176488787 1.0 
0.406137913465 1.0 
0.994279384613 0.0 
0.996060550213 1.0 
0.947107970715 1.0 
0.995339274406 0.0 
0.000733654946089 0.0 
0.00422375043854 0.0 
0.00193057057913 0.0 
0.267502725124 0.0 
0.994279384613 1.0 
0.997485995293 0.0 
0.0284873694181 1.0 
0.0171485878527 1.0 
0.00429544551298 1.0 
0.970749676228 0.0 
0.184366598725 1.0 
0.00422375043854 1.0 
0.184538573027 0.0 
0.889709115028 1.0 
0.136192619801 1.0 
0.300311654806 0.0 
0.136192619801 0.0 
4.90194470331e-05 1.0 
0.0677745863795 0.0 
0.948466300964 0.0 
0.970749676228 1.0 
0.406137913465 0.0 
0.165125116706 0.0 
0.0338807851076 0.0 
0.000733654946089 1.0 
0.996293127537 1.0 
0.0284873694181 0.0 
0.996060550213 0.0 
0.013555675745 1.0 
0.859561800957 0.0 
0.859561800957 1.0 
0.97426956892 0.0 
0.000897749850992 0.0 
0.058855149895 1.0 
0.509309411049 0.0 
0.013555675745 0.0 
0.117212928832 0.0 
0.00667176488787 0.0 
0.997485995293 1.0 
0.00429544551298 0.0 
0.233228355646 0.0 
0.97426956892 1.0 
0.889709115028 0.0 
0.948466300964 1.0 
0.184366598725 0.0 
0.995339274406 1.0 
0.410102456808 0.0 
4.90194470331e-05 0.0 
0.0964681580663 0.0 
0.996425688267 0.0 
0.184538498521 1.0 
0.0171485710889 0.0 
0.0964681580663 1.0 
0.117212861776 1.0 
0.947107970715 0.0 
5.17065200256e-05 1.0 
0.99230414629 0.0 
0.996293127537 0.0 
0.058855149895 0.0 
0.99230414629 1.0 
0.00868151523173 1.0 
0.509309411049 1.0 
0.0019305695314 1.0 
0.300311744213 1.0 
