0.791725814342 1.0 
0.30773511529 0.0 
7.95298474259e-05 0.0 
0.999933958054 1.0 
0.872887969017 1.0 
0.0294560361654 1.0 
0.303859084845 1.0 
0.134218305349 1.0 
0.9951171875 1.0 
0.575119793415 1.0 
0.00152093055658 1.0 
0.0144663657993 1.0 
0.999990940094 0.0 
0.993383824825 1.0 
0.981612384319 1.0 
0.0208842586726 0.0 
0.999995589256 0.0 
0.9999563694 0.0 
0.00296547263861 0.0 
0.303859084845 0.0 
0.999990940094 1.0 
1.58289481078e-07 0.0 
0.999005734921 1.0 
0.291656523943 1.0 
0.00034982804209 1.0 
1.37303891279e-06 0.0 
0.735093951225 1.0 
0.9999563694 1.0 
0.16471169889 0.0 
0.178619250655 1.0 
0.0171347539872 1.0 
0.173981800675 0.0 
0.0171347539872 0.0 
1.42032607897e-09 1.0 
0.134218305349 0.0 
1.04231773435e-07 0.0 
1.37303891279e-06 1.0 
0.0144663657993 0.0 
0.791725814342 0.0 
0.0294560361654 0.0 
0.999995589256 1.0 
1.61737034432e-06 1.0 
0.999005734921 0.0 
0.993383824825 0.0 
3.72952968064e-07 1.0 
0.973145902157 0.0 
0.973145902157 1.0 
0.000141649419675 0.0 
0.575119793415 0.0 
0.000598167418502 1.0 
0.446984380484 0.0 
3.72952968064e-07 0.0 
0.999985933304 0.0 
0.00152093055658 0.0 
1.58289481078e-07 1.0 
0.00034982804209 0.0 
0.872887969017 0.0 
0.000141649419675 1.0 
0.178619250655 0.0 
1.04231773435e-07 1.0 
0.735093951225 0.0 
0.0208842586726 1.0 
0.9951171875 0.0 
1.42032607897e-09 0.0 
0.569834113121 0.0 
0.999933958054 0.0 
0.16471169889 1.0 
0.291656643152 0.0 
0.569834113121 1.0 
0.999985933304 1.0 
0.981612384319 0.0 
7.95298474259e-05 1.0 
0.335450530052 0.0 
1.61737500548e-06 0.0 
0.000598167418502 0.0 
0.335450530052 1.0 
0.307735174894 1.0 
0.446983456612 1.0 
0.00296547519974 1.0 
0.173981800675 1.0 
