0.498593360186 1.0 
0.407646477222 0.0 
0.295195251703 0.0 
0.473360776901 1.0 
0.379835188389 1.0 
0.515733659267 1.0 
0.390841186047 1.0 
0.464114695787 1.0 
0.442623525858 1.0 
0.431311815977 1.0 
0.322209924459 1.0 
0.511256575584 1.0 
0.502016186714 0.0 
0.518263816833 1.0 
0.351744532585 1.0 
0.610912561417 0.0 
0.570086598396 0.0 
0.696886718273 0.0 
0.464889496565 0.0 
0.390841186047 0.0 
0.502016186714 1.0 
0.451674550772 0.0 
0.733080565929 1.0 
0.701268911362 1.0 
0.470844864845 1.0 
0.406806707382 0.0 
0.673680961132 1.0 
0.696886718273 1.0 
0.395529597998 0.0 
0.617516934872 1.0 
0.348654061556 1.0 
0.49576446414 0.0 
0.348654061556 0.0 
0.226379543543 1.0 
0.464114695787 0.0 
0.226805970073 0.0 
0.406806707382 1.0 
0.511256575584 0.0 
0.498593360186 0.0 
0.515733659267 0.0 
0.570086598396 1.0 
0.645357847214 1.0 
0.733080565929 0.0 
0.518263816833 0.0 
0.407878100872 1.0 
0.615912675858 0.0 
0.615912675858 1.0 
0.452323496342 0.0 
0.431311815977 0.0 
0.32771974802 1.0 
0.587206423283 0.0 
0.407878100872 0.0 
0.479758352041 0.0 
0.322209924459 0.0 
0.451674550772 1.0 
0.470844864845 0.0 
0.379835188389 0.0 
0.452323496342 1.0 
0.617516934872 0.0 
0.226805970073 1.0 
0.673680961132 0.0 
0.610912561417 1.0 
0.442623525858 0.0 
0.226379543543 0.0 
0.504763960838 0.0 
0.473360717297 0.0 
0.395529597998 1.0 
0.701268911362 0.0 
0.504763960838 1.0 
0.479758352041 1.0 
0.351744562387 0.0 
0.295195281506 1.0 
0.299429237843 0.0 
0.645357787609 0.0 
0.327719807625 0.0 
0.299429237843 1.0 
0.407646477222 1.0 
0.587206423283 1.0 
0.464889496565 1.0 
0.49576446414 1.0 
