0.54507547617 1.0 
0.434329718351 0.0 
0.295527517796 0.0 
0.494202643633 1.0 
0.404540479183 1.0 
0.498888015747 1.0 
0.404638856649 1.0 
0.484540641308 1.0 
0.503767728806 1.0 
0.448707103729 1.0 
0.340769022703 1.0 
0.511792123318 1.0 
0.511865139008 0.0 
0.539891600609 1.0 
0.397968560457 1.0 
0.543948233128 0.0 
0.557059586048 0.0 
0.63882291317 0.0 
0.473396807909 0.0 
0.404638856649 0.0 
0.511865139008 1.0 
0.412653326988 0.0 
0.572908937931 1.0 
0.585430920124 1.0 
0.491336911917 1.0 
0.411764591932 0.0 
0.5711556077 1.0 
0.63882291317 1.0 
0.41965636611 0.0 
0.561434090137 1.0 
0.393819123507 1.0 
0.519541859627 0.0 
0.393819123507 0.0 
0.277897208929 1.0 
0.484540641308 0.0 
0.238678485155 0.0 
0.411764591932 1.0 
0.511792123318 0.0 
0.54507547617 0.0 
0.498888015747 0.0 
0.557059586048 1.0 
0.618104040623 1.0 
0.572908937931 0.0 
0.539891600609 0.0 
0.449273377657 1.0 
0.581580996513 0.0 
0.581580996513 1.0 
0.434441775084 0.0 
0.448707103729 0.0 
0.348559468985 1.0 
0.580609738827 0.0 
0.449273377657 0.0 
0.480348110199 0.0 
0.340769022703 0.0 
0.412653326988 1.0 
0.491336911917 0.0 
0.404540479183 0.0 
0.434441775084 1.0 
0.561434090137 0.0 
0.238678485155 1.0 
0.5711556077 0.0 
0.543948233128 1.0 
0.503767728806 0.0 
0.277897208929 0.0 
0.498601347208 0.0 
0.494202643633 0.0 
0.419656336308 1.0 
0.585430920124 0.0 
0.498601347208 1.0 
0.480348110199 1.0 
0.397968560457 0.0 
0.295527487993 1.0 
0.359443992376 0.0 
0.618103981018 0.0 
0.348559468985 0.0 
0.359443992376 1.0 
0.434329718351 1.0 
0.580609738827 1.0 
0.473396807909 1.0 
0.519541859627 1.0 
