0.485909819603 1.0 
0.341582298279 0.0 
0.452277451754 0.0 
0.49191865325 1.0 
0.365109115839 1.0 
0.457547038794 1.0 
0.390400826931 1.0 
0.31308889389 1.0 
0.453499913216 1.0 
0.329793512821 1.0 
0.464481860399 1.0 
0.371892929077 1.0 
0.423078209162 0.0 
0.52711969614 1.0 
0.505276501179 1.0 
0.528530180454 0.0 
0.413948684931 0.0 
0.613649785519 0.0 
0.247151091695 0.0 
0.390400826931 0.0 
0.423078209162 1.0 
0.479671537876 0.0 
0.525709152222 1.0 
0.483923405409 1.0 
0.492291629314 1.0 
0.454795897007 0.0 
0.492714673281 1.0 
0.613649785519 1.0 
0.393163859844 0.0 
0.529831111431 1.0 
0.353531569242 1.0 
0.456508159637 0.0 
0.353531569242 0.0 
0.372136831284 1.0 
0.31308889389 0.0 
0.453625321388 0.0 
0.454795897007 1.0 
0.371892929077 0.0 
0.485909819603 0.0 
0.457547038794 0.0 
0.413948684931 1.0 
0.582585096359 1.0 
0.525709152222 0.0 
0.52711969614 0.0 
0.469287663698 1.0 
0.467138826847 0.0 
0.467138826847 1.0 
0.534672498703 0.0 
0.329793512821 0.0 
0.486981958151 1.0 
0.476519882679 0.0 
0.469287663698 0.0 
0.548151910305 0.0 
0.464481860399 0.0 
0.479671537876 1.0 
0.492291629314 0.0 
0.365109115839 0.0 
0.534672498703 1.0 
0.529831111431 0.0 
0.453625321388 1.0 
0.492714673281 0.0 
0.528530180454 1.0 
0.453499913216 0.0 
0.372136831284 0.0 
0.388810127974 0.0 
0.49191865325 0.0 
0.393163889647 1.0 
0.483923435211 0.0 
0.388810127974 1.0 
0.548151910305 1.0 
0.505276560783 0.0 
0.452277481556 1.0 
0.431819230318 0.0 
0.582585096359 0.0 
0.486981958151 0.0 
0.431819230318 1.0 
0.341582298279 1.0 
0.476519882679 1.0 
0.247151061893 1.0 
0.456508159637 1.0 
