0.494336992502 1.0 
0.421372145414 0.0 
0.302163600922 0.0 
0.456301957369 1.0 
0.407103866339 1.0 
0.495870351791 1.0 
0.353568196297 1.0 
0.481639176607 1.0 
0.452685058117 1.0 
0.424369841814 1.0 
0.324953794479 1.0 
0.508473932743 1.0 
0.491878002882 0.0 
0.512481570244 1.0 
0.327347934246 1.0 
0.611079692841 0.0 
0.542752325535 0.0 
0.649563848972 0.0 
0.476693421602 0.0 
0.353568196297 0.0 
0.491878002882 1.0 
0.424440205097 0.0 
0.618410348892 1.0 
0.630924582481 1.0 
0.495838999748 1.0 
0.451547503471 0.0 
0.635362923145 1.0 
0.649563848972 1.0 
0.393493980169 0.0 
0.623712360859 1.0 
0.362200170755 1.0 
0.519283592701 0.0 
0.362200170755 0.0 
0.213481843472 1.0 
0.481639176607 0.0 
0.201467946172 0.0 
0.451547503471 1.0 
0.508473932743 0.0 
0.494336992502 0.0 
0.495870351791 0.0 
0.542752325535 1.0 
0.621966600418 1.0 
0.618410348892 0.0 
0.512481570244 0.0 
0.427686482668 1.0 
0.60129570961 0.0 
0.60129570961 1.0 
0.46676799655 0.0 
0.424369841814 0.0 
0.368535608053 1.0 
0.58334094286 0.0 
0.427686482668 0.0 
0.480163455009 0.0 
0.324953794479 0.0 
0.424440205097 1.0 
0.495838999748 0.0 
0.407103866339 0.0 
0.46676799655 1.0 
0.623712360859 0.0 
0.201467946172 1.0 
0.635362923145 0.0 
0.611079692841 1.0 
0.452685058117 0.0 
0.213481843472 0.0 
0.529846847057 0.0 
0.456301957369 0.0 
0.393493980169 1.0 
0.630924582481 0.0 
0.529846847057 1.0 
0.480163514614 1.0 
0.327347934246 0.0 
0.302163600922 1.0 
0.313758313656 0.0 
0.621966719627 0.0 
0.368535608053 0.0 
0.313758313656 1.0 
0.421372145414 1.0 
0.58334094286 1.0 
0.476693421602 1.0 
0.519283592701 1.0 
