0.508722066879 1.0 
0.421853333712 0.0 
0.273411005735 0.0 
0.501510262489 1.0 
0.418412029743 1.0 
0.496995210648 1.0 
0.378420650959 1.0 
0.503303527832 1.0 
0.42375677824 1.0 
0.42789670825 1.0 
0.349393546581 1.0 
0.486577361822 1.0 
0.529748141766 0.0 
0.530335128307 1.0 
0.377351611853 1.0 
0.585804104805 0.0 
0.62203001976 0.0 
0.646102845669 0.0 
0.488752424717 0.0 
0.378420650959 0.0 
0.529748141766 1.0 
0.449371039867 0.0 
0.641111791134 1.0 
0.640848875046 1.0 
0.505873203278 1.0 
0.40040448308 0.0 
0.628087878227 1.0 
0.646102845669 1.0 
0.398719251156 0.0 
0.585159242153 1.0 
0.365519702435 1.0 
0.548361063004 0.0 
0.365519702435 0.0 
0.216147392988 1.0 
0.503303527832 0.0 
0.222470134497 0.0 
0.40040448308 1.0 
0.486577361822 0.0 
0.508722066879 0.0 
0.496995210648 0.0 
0.62203001976 1.0 
0.594133377075 1.0 
0.641111791134 0.0 
0.530335128307 0.0 
0.446578651667 1.0 
0.613262593746 0.0 
0.613262593746 1.0 
0.462937533855 0.0 
0.42789670825 0.0 
0.330817162991 1.0 
0.58770865202 0.0 
0.446578651667 0.0 
0.504396378994 0.0 
0.349393546581 0.0 
0.449371039867 1.0 
0.505873203278 0.0 
0.418412029743 0.0 
0.462937533855 1.0 
0.585159242153 0.0 
0.222470134497 1.0 
0.628087878227 0.0 
0.585804104805 1.0 
0.42375677824 0.0 
0.216147392988 0.0 
0.526866078377 0.0 
0.501510262489 0.0 
0.398719280958 1.0 
0.640848875046 0.0 
0.526866078377 1.0 
0.504396319389 1.0 
0.377351641655 0.0 
0.273411035538 1.0 
0.328744322062 0.0 
0.594133377075 0.0 
0.330817162991 0.0 
0.328744322062 1.0 
0.421853333712 1.0 
0.58770865202 1.0 
0.488752424717 1.0 
0.548361122608 1.0 
