0.96869635582 1.0 
0.000498117355164 0.0 
2.9839857234e-05 0.0 
0.971303343773 1.0 
0.882301330566 1.0 
0.464971601963 1.0 
0.99245339632 1.0 
0.0634365081787 1.0 
0.554666697979 1.0 
0.475868552923 1.0 
0.819761931896 1.0 
0.0674314275384 1.0 
0.999878406525 0.0 
0.892644047737 1.0 
0.00531351286918 1.0 
0.989475369453 0.0 
0.999767959118 0.0 
0.999953269958 0.0 
0.289976656437 0.0 
0.99245339632 0.0 
0.999878406525 1.0 
0.00602820003405 0.0 
0.999999403954 1.0 
0.999611318111 1.0 
0.000245852599619 1.0 
0.00352500705048 0.0 
0.999967217445 1.0 
0.999953269958 1.0 
0.214186653495 0.0 
0.00570619944483 1.0 
3.11327426061e-06 1.0 
0.338600963354 0.0 
3.11327426061e-06 0.0 
3.80531382689e-05 1.0 
0.0634365081787 0.0 
7.61539467931e-07 0.0 
0.00352500705048 1.0 
0.0674314275384 0.0 
0.96869635582 0.0 
0.464971601963 0.0 
0.999767959118 1.0 
0.000225048905122 1.0 
0.999999403954 0.0 
0.892644047737 0.0 
0.00500868773088 1.0 
0.999548017979 0.0 
0.999548017979 1.0 
0.898241400719 0.0 
0.475868552923 0.0 
0.165832176805 1.0 
0.999820291996 0.0 
0.00500868773088 0.0 
0.0696491450071 0.0 
0.819761931896 0.0 
0.00602820003405 1.0 
0.000245852599619 0.0 
0.882301330566 0.0 
0.898241400719 1.0 
0.00570619944483 0.0 
7.61539467931e-07 1.0 
0.999967217445 0.0 
0.989475369453 1.0 
0.554666697979 0.0 
3.80531382689e-05 0.0 
0.0261175073683 0.0 
0.971303343773 0.0 
0.214186728001 1.0 
0.999611318111 0.0 
0.0261175073683 1.0 
0.0696490854025 1.0 
0.00531351007521 0.0 
2.98398281302e-05 1.0 
0.999910712242 0.0 
0.00022504934168 0.0 
0.165832161903 0.0 
0.999910712242 1.0 
0.000498116947711 1.0 
0.999820291996 1.0 
0.289976805449 1.0 
0.338600963354 1.0 
