0.499421924353 1.0 
0.366239875555 0.0 
0.312189936638 0.0 
0.490516662598 1.0 
0.356692790985 1.0 
0.493532836437 1.0 
0.347882866859 1.0 
0.365391433239 1.0 
0.475885391235 1.0 
0.395833045244 1.0 
0.381351023912 1.0 
0.441876500845 1.0 
0.459852784872 0.0 
0.499459952116 1.0 
0.361033022404 1.0 
0.493874251842 0.0 
0.565375387669 0.0 
0.781003594398 0.0 
0.359343618155 0.0 
0.347882866859 0.0 
0.459852784872 1.0 
0.429905086756 0.0 
0.742074131966 1.0 
0.621857941151 1.0 
0.454784542322 1.0 
0.399616032839 0.0 
0.621592819691 1.0 
0.781003594398 1.0 
0.367965102196 0.0 
0.496928364038 1.0 
0.338476389647 1.0 
0.456637501717 0.0 
0.338476389647 0.0 
0.273460626602 1.0 
0.365391433239 0.0 
0.272934496403 0.0 
0.399616032839 1.0 
0.441876500845 0.0 
0.499421924353 0.0 
0.493532836437 0.0 
0.565375387669 1.0 
0.703436911106 1.0 
0.742074131966 0.0 
0.499459952116 0.0 
0.418786138296 1.0 
0.642710745335 0.0 
0.642710745335 1.0 
0.427002161741 0.0 
0.395833045244 0.0 
0.346091717482 1.0 
0.557134270668 0.0 
0.418786138296 0.0 
0.529566645622 0.0 
0.381351023912 0.0 
0.429905086756 1.0 
0.454784542322 0.0 
0.356692790985 0.0 
0.427002161741 1.0 
0.496928364038 0.0 
0.272934496403 1.0 
0.621592819691 0.0 
0.493874251842 1.0 
0.475885391235 0.0 
0.273460626602 0.0 
0.430049151182 0.0 
0.490516602993 0.0 
0.367965102196 1.0 
0.621858000755 0.0 
0.430049151182 1.0 
0.529566645622 1.0 
0.361033052206 0.0 
0.312189936638 1.0 
0.395776122808 0.0 
0.703436970711 0.0 
0.346091717482 0.0 
0.395776122808 1.0 
0.366239875555 1.0 
0.557134270668 1.0 
0.359343618155 1.0 
0.456637501717 1.0 
