0.992220103741 1.0 
0.0289332997054 0.0 
5.50887261852e-06 0.0 
0.00267503177747 1.0 
0.124589644372 1.0 
0.238481596112 1.0 
0.0316031500697 1.0 
0.238235250115 1.0 
0.453354239464 1.0 
0.00100798334461 1.0 
0.00876286625862 1.0 
0.233578100801 1.0 
0.87463504076 0.0 
0.403531432152 1.0 
0.132691711187 1.0 
0.0772325620055 0.0 
0.999620318413 0.0 
0.0248092580587 0.0 
0.106616973877 0.0 
0.0316031500697 0.0 
0.87463504076 1.0 
0.349200129509 0.0 
0.99705940485 1.0 
0.98393702507 1.0 
0.000245578237809 1.0 
8.89094462764e-06 0.0 
0.999889373779 1.0 
0.0248092580587 1.0 
0.098224543035 0.0 
0.00212127598934 1.0 
9.57193788054e-06 1.0 
0.84685999155 0.0 
9.57193788054e-06 0.0 
4.60693227069e-05 1.0 
0.238235250115 0.0 
0.00276841572486 0.0 
8.89094462764e-06 1.0 
0.233578100801 0.0 
0.992220103741 0.0 
0.238481596112 0.0 
0.999620318413 1.0 
0.988000571728 1.0 
0.99705940485 0.0 
0.403531432152 0.0 
0.000100057426607 1.0 
0.99999666214 0.0 
0.99999666214 1.0 
0.942387878895 0.0 
0.00100798334461 0.0 
0.00278067891486 1.0 
0.99483692646 0.0 
0.000100057426607 0.0 
0.0125523647293 0.0 
0.00876286625862 0.0 
0.349200129509 1.0 
0.000245578237809 0.0 
0.124589644372 0.0 
0.942387878895 1.0 
0.00212127598934 0.0 
0.00276841572486 1.0 
0.999889373779 0.0 
0.0772325620055 1.0 
0.453354239464 0.0 
4.60693227069e-05 0.0 
0.00797521416098 0.0 
0.00267502781935 0.0 
0.0982244983315 1.0 
0.98393702507 0.0 
0.00797521416098 1.0 
0.0125524001196 1.0 
0.13269174099 0.0 
5.50887261852e-06 1.0 
0.998636543751 0.0 
0.988000571728 0.0 
0.00278068170883 0.0 
0.998636543751 1.0 
0.0289333127439 1.0 
0.99483692646 1.0 
0.106616988778 1.0 
0.846859872341 1.0 
