0.998414993286 1.0 
0.0737809017301 0.0 
0.000131667286041 0.0 
0.000608112721238 1.0 
9.71407789621e-05 1.0 
0.999747931957 1.0 
0.000921037804801 1.0 
1.2408553296e-08 1.0 
0.0063871643506 1.0 
1.0 1.0 
0.000831151846796 1.0 
0.667132019997 1.0 
0.0076964776963 0.0 
0.986448228359 1.0 
3.44294726062e-08 1.0 
0.990447402 0.0 
1.0 0.0 
0.598865151405 0.0 
3.65036179062e-08 0.0 
0.000921037804801 0.0 
0.0076964776963 1.0 
0.994450330734 0.0 
0.999998807907 1.0 
0.019413465634 1.0 
0.0401463098824 1.0 
0.00592841533944 0.0 
0.00732201198116 1.0 
0.598865151405 1.0 
0.00208195019513 0.0 
0.841815590858 1.0 
0.988481402397 1.0 
0.996015012264 0.0 
0.988481402397 0.0 
0.999999761581 1.0 
1.2408553296e-08 0.0 
0.999997138977 0.0 
0.00592841533944 1.0 
0.667132019997 0.0 
0.998414993286 0.0 
0.999747931957 0.0 
1.0 1.0 
0.992064416409 1.0 
0.999998807907 0.0 
0.986448228359 0.0 
0.00937788095325 1.0 
0.054190274328 0.0 
0.054190274328 1.0 
0.999675631523 0.0 
1.0 0.0 
0.706063330173 1.0 
1.0 0.0 
0.00937788095325 0.0 
0.00176722567994 0.0 
0.000831151846796 0.0 
0.994450330734 1.0 
0.0401463098824 0.0 
9.71407789621e-05 0.0 
0.999675631523 1.0 
0.841815590858 0.0 
0.999997138977 1.0 
0.00732201198116 0.0 
0.990447402 1.0 
0.0063871643506 0.0 
0.999999761581 0.0 
0.989210963249 0.0 
0.000608111557085 0.0 
0.00208195229061 1.0 
0.019413433969 0.0 
0.989210963249 1.0 
0.00176722905599 1.0 
3.4429735507e-08 0.0 
0.000131667678943 1.0 
1.0 0.0 
0.992064416409 0.0 
0.706063389778 0.0 
1.0 1.0 
0.0737808793783 1.0 
1.0 1.0 
3.65036854078e-08 1.0 
0.996015012264 1.0 
