0.452371925116 1.0 
0.325280368328 0.0 
0.389011383057 0.0 
0.566308200359 1.0 
0.326274186373 1.0 
0.43075761199 1.0 
0.295045614243 1.0 
0.331201285124 1.0 
0.3952678442 1.0 
0.347553014755 1.0 
0.438494324684 1.0 
0.399174571037 1.0 
0.439220190048 0.0 
0.513033807278 1.0 
0.312170654535 1.0 
0.539088726044 0.0 
0.460764527321 0.0 
0.683157324791 0.0 
0.323059290648 0.0 
0.295045614243 0.0 
0.439220190048 1.0 
0.423067063093 0.0 
0.649501681328 1.0 
0.555800557137 1.0 
0.473652273417 1.0 
0.386080265045 0.0 
0.568659365177 1.0 
0.683157324791 1.0 
0.313836395741 0.0 
0.562736928463 1.0 
0.353578358889 1.0 
0.472630292177 0.0 
0.353578358889 0.0 
0.21863374114 1.0 
0.331201285124 0.0 
0.244441688061 0.0 
0.386080265045 1.0 
0.399174571037 0.0 
0.452371925116 0.0 
0.43075761199 0.0 
0.460764527321 1.0 
0.653023719788 1.0 
0.649501681328 0.0 
0.513033807278 0.0 
0.443663150072 1.0 
0.60765349865 0.0 
0.60765349865 1.0 
0.488893777132 0.0 
0.347553014755 0.0 
0.367751777172 1.0 
0.506546914577 0.0 
0.443663150072 0.0 
0.558922827244 0.0 
0.438494324684 0.0 
0.423067063093 1.0 
0.473652273417 0.0 
0.326274186373 0.0 
0.488893777132 1.0 
0.562736928463 0.0 
0.244441688061 1.0 
0.568659365177 0.0 
0.539088726044 1.0 
0.3952678442 0.0 
0.21863374114 0.0 
0.409949839115 0.0 
0.566308200359 0.0 
0.313836365938 1.0 
0.555800557137 0.0 
0.409949839115 1.0 
0.558922827244 1.0 
0.312170654535 0.0 
0.389011412859 1.0 
0.456122726202 0.0 
0.653023719788 0.0 
0.367751777172 0.0 
0.456122726202 1.0 
0.325280368328 1.0 
0.506546914577 1.0 
0.323059290648 1.0 
0.472630262375 1.0 
