0.542205452919 1.0 
0.477420032024 0.0 
0.465183913708 0.0 
0.438204526901 1.0 
0.391016423702 1.0 
0.508793413639 1.0 
0.408641397953 1.0 
0.340340048075 1.0 
0.406240969896 1.0 
0.440350413322 1.0 
0.401141375303 1.0 
0.468712389469 1.0 
0.477860510349 0.0 
0.584398567677 1.0 
0.470407366753 1.0 
0.548188388348 0.0 
0.68321532011 0.0 
0.426644563675 0.0 
0.390576094389 0.0 
0.408641397953 0.0 
0.477860510349 1.0 
0.549290776253 0.0 
0.448606073856 1.0 
0.507245063782 1.0 
0.527234852314 1.0 
0.477961033583 0.0 
0.510469317436 1.0 
0.426644563675 1.0 
0.483159095049 0.0 
0.534393846989 1.0 
0.472676515579 1.0 
0.519988775253 0.0 
0.472676515579 0.0 
0.513958632946 1.0 
0.340340048075 0.0 
0.508731007576 0.0 
0.477961033583 1.0 
0.468712389469 0.0 
0.542205452919 0.0 
0.508793413639 0.0 
0.68321532011 1.0 
0.497731089592 1.0 
0.448606073856 0.0 
0.584398567677 0.0 
0.494607627392 1.0 
0.478682667017 0.0 
0.478682667017 1.0 
0.583008527756 0.0 
0.440350413322 0.0 
0.487310439348 1.0 
0.578188657761 0.0 
0.494607627392 0.0 
0.431267559528 0.0 
0.401141375303 0.0 
0.549290776253 1.0 
0.527234852314 0.0 
0.391016423702 0.0 
0.583008527756 1.0 
0.534393846989 0.0 
0.508731007576 1.0 
0.510469317436 0.0 
0.548188388348 1.0 
0.406240969896 0.0 
0.513958632946 0.0 
0.529879868031 0.0 
0.438204526901 0.0 
0.483159124851 1.0 
0.507245063782 0.0 
0.529879868031 1.0 
0.431267559528 1.0 
0.470407366753 0.0 
0.465183913708 1.0 
0.409409046173 0.0 
0.497731119394 0.0 
0.487310439348 0.0 
0.409409046173 1.0 
0.477420061827 1.0 
0.578188657761 1.0 
0.390576094389 1.0 
0.519988775253 1.0 
