0.921273589134 1.0 
0.293553352356 0.0 
3.1696548831e-05 0.0 
0.995350003242 1.0 
0.587932765484 1.0 
0.332288950682 1.0 
0.375909805298 1.0 
0.0520828664303 1.0 
0.98493283987 1.0 
0.0561202466488 1.0 
0.000111750225187 1.0 
0.0533281639218 1.0 
0.999803006649 0.0 
0.932196497917 1.0 
0.755396842957 1.0 
0.988343417645 0.0 
0.999999761581 0.0 
0.999971270561 0.0 
0.254037588835 0.0 
0.375909805298 0.0 
0.999803006649 1.0 
8.93765204069e-08 0.0 
0.237077057362 1.0 
0.959791243076 1.0 
0.00185475521721 1.0 
0.000169894919964 0.0 
0.984707295895 1.0 
0.999971270561 1.0 
0.121522001922 0.0 
0.33948263526 1.0 
0.000445603276603 1.0 
0.623730778694 0.0 
0.000445603276603 0.0 
1.99022229252e-10 1.0 
0.0520828664303 0.0 
6.02394081284e-08 0.0 
0.000169894919964 1.0 
0.0533281639218 0.0 
0.921273589134 0.0 
0.332288950682 0.0 
0.999999761581 1.0 
7.18117735232e-05 1.0 
0.237077057362 0.0 
0.932196497917 0.0 
1.10820951704e-06 1.0 
0.661262392998 0.0 
0.661262392998 1.0 
0.000138451563544 0.0 
0.0561202466488 0.0 
0.00175150285941 1.0 
0.999997258186 0.0 
1.10820951704e-06 0.0 
0.723101139069 0.0 
0.000111750225187 0.0 
8.93765204069e-08 1.0 
0.00185475521721 0.0 
0.587932765484 0.0 
0.000138451563544 1.0 
0.33948263526 0.0 
6.02394081284e-08 1.0 
0.984707295895 0.0 
0.988343417645 1.0 
0.98493283987 0.0 
1.99022229252e-10 0.0 
0.77561211586 0.0 
0.995350003242 0.0 
0.121521934867 1.0 
0.959791243076 0.0 
0.77561211586 1.0 
0.723100721836 1.0 
0.755396962166 0.0 
3.16965197271e-05 1.0 
0.219111740589 0.0 
7.18118462828e-05 0.0 
0.00175150192808 0.0 
0.219111740589 1.0 
0.29355302453 1.0 
0.999997258186 1.0 
0.254037678242 1.0 
0.623730778694 1.0 
