0.481258124113 1.0 
0.432057797909 0.0 
0.333257704973 0.0 
0.365433126688 1.0 
0.412207454443 1.0 
0.492980211973 1.0 
0.385596603155 1.0 
0.482762128115 1.0 
0.419703513384 1.0 
0.388604044914 1.0 
0.345659583807 1.0 
0.486744970083 1.0 
0.488732784986 0.0 
0.456629812717 1.0 
0.337677508593 1.0 
0.596573710442 0.0 
0.530599594116 0.0 
0.529052376747 0.0 
0.490612536669 0.0 
0.385596603155 0.0 
0.488732784986 1.0 
0.468914866447 0.0 
0.533655226231 1.0 
0.652790665627 1.0 
0.419340223074 1.0 
0.432018220425 0.0 
0.633616507053 1.0 
0.529052376747 1.0 
0.416899979115 0.0 
0.569292366505 1.0 
0.344381064177 1.0 
0.526940643787 0.0 
0.344381064177 0.0 
0.247823119164 1.0 
0.482762128115 0.0 
0.257460534573 0.0 
0.432018220425 1.0 
0.486744970083 0.0 
0.481258124113 0.0 
0.492980211973 0.0 
0.530599594116 1.0 
0.647496402264 1.0 
0.533655226231 0.0 
0.456629812717 0.0 
0.474436610937 1.0 
0.596931755543 0.0 
0.596931755543 1.0 
0.516853988171 0.0 
0.388604044914 0.0 
0.396188944578 1.0 
0.581416964531 0.0 
0.474436610937 0.0 
0.409007936716 0.0 
0.345659583807 0.0 
0.468914866447 1.0 
0.419340223074 0.0 
0.412207454443 0.0 
0.516853988171 1.0 
0.569292366505 0.0 
0.257460534573 1.0 
0.633616507053 0.0 
0.596573710442 1.0 
0.419703513384 0.0 
0.247823119164 0.0 
0.504371345043 0.0 
0.36543315649 0.0 
0.416899979115 1.0 
0.652790665627 0.0 
0.504371345043 1.0 
0.409007936716 1.0 
0.337677508593 0.0 
0.333257675171 1.0 
0.373891472816 0.0 
0.647496342659 0.0 
0.396189004183 0.0 
0.373891472816 1.0 
0.432057857513 1.0 
0.581416964531 1.0 
0.490612536669 1.0 
0.526940643787 1.0 
