0.941755592823 1.0 
0.593841254711 0.0 
0.000194969034055 0.0 
0.999811828136 1.0 
0.27998188138 1.0 
0.00746347568929 1.0 
0.106952190399 1.0 
0.0897754356265 1.0 
0.999827504158 1.0 
0.991232693195 1.0 
0.0163889694959 1.0 
0.957655906677 1.0 
0.998685896397 0.0 
0.854188978672 1.0 
0.992860138416 1.0 
0.428599029779 0.0 
0.967978239059 0.0 
0.999999403954 0.0 
0.010316208005 0.0 
0.106952190399 0.0 
0.998685896397 1.0 
0.0015682381345 0.0 
0.999446094036 1.0 
0.0909684151411 1.0 
0.159291446209 1.0 
0.000119783471746 0.0 
0.00195493665524 1.0 
0.999999403954 1.0 
0.0622940398753 0.0 
0.999927639961 1.0 
0.0284469649196 1.0 
0.409844249487 0.0 
0.0284469649196 0.0 
6.21117142146e-05 1.0 
0.0897754356265 0.0 
4.71929934065e-06 0.0 
0.000119783471746 1.0 
0.957655906677 0.0 
0.941755592823 0.0 
0.00746347568929 0.0 
0.967978239059 1.0 
0.00194468093105 1.0 
0.999446094036 0.0 
0.854188978672 0.0 
1.03833162939e-05 1.0 
0.999999284744 0.0 
0.999999284744 1.0 
0.000761653063819 0.0 
0.991232693195 0.0 
0.0241612121463 1.0 
0.103432565928 0.0 
1.03833162939e-05 0.0 
0.999861836433 0.0 
0.0163889694959 0.0 
0.0015682381345 1.0 
0.159291446209 0.0 
0.27998188138 0.0 
0.000761653063819 1.0 
0.999927639961 0.0 
4.71929934065e-06 1.0 
0.00195493665524 0.0 
0.428599029779 1.0 
0.999827504158 0.0 
6.21117142146e-05 0.0 
0.473460078239 0.0 
0.999811828136 0.0 
0.0622940398753 1.0 
0.0909683182836 0.0 
0.473460078239 1.0 
0.999861836433 1.0 
0.992860138416 0.0 
0.000194969034055 1.0 
0.999129712582 0.0 
0.00194468093105 0.0 
0.0241612177342 0.0 
0.999129712582 1.0 
0.593841314316 1.0 
0.103432625532 1.0 
0.0103162126616 1.0 
0.409844309092 1.0 
