0.972109735012 1.0 
0.52214962244 0.0 
0.0181984230876 0.0 
0.792994856834 1.0 
0.98991560936 1.0 
0.645287454128 1.0 
0.0561129972339 1.0 
0.361294448376 1.0 
0.646978139877 1.0 
0.000213709383388 1.0 
0.0354214310646 1.0 
0.0171553250402 1.0 
0.0325083583593 0.0 
0.793983101845 1.0 
0.938166975975 1.0 
0.99993956089 0.0 
0.99632024765 0.0 
0.999547898769 0.0 
0.00316592794843 0.0 
0.0561129972339 0.0 
0.0325083583593 1.0 
8.7070304744e-08 0.0 
0.999952673912 1.0 
0.110770717263 1.0 
0.933435559273 1.0 
0.00274551287293 0.0 
0.190690129995 1.0 
0.999547898769 1.0 
0.0636341273785 0.0 
0.999834299088 1.0 
0.00147895864211 1.0 
0.633811950684 0.0 
0.00147895864211 0.0 
1.75841682903e-06 1.0 
0.361294448376 0.0 
4.69393035019e-06 0.0 
0.00274551287293 1.0 
0.0171553250402 0.0 
0.972109735012 0.0 
0.645287454128 0.0 
0.99632024765 1.0 
0.12317096442 1.0 
0.999952673912 0.0 
0.793983101845 0.0 
4.14487585658e-05 1.0 
0.999916672707 0.0 
0.999916672707 1.0 
0.000110017572297 0.0 
0.000213709383388 0.0 
0.00894907861948 1.0 
0.999976992607 0.0 
4.14487585658e-05 0.0 
0.999923110008 0.0 
0.0354214310646 0.0 
8.7070304744e-08 1.0 
0.933435559273 0.0 
0.98991560936 0.0 
0.000110017572297 1.0 
0.999834299088 0.0 
4.69393035019e-06 1.0 
0.190690129995 0.0 
0.99993956089 1.0 
0.646978139877 0.0 
1.75841682903e-06 0.0 
0.270439296961 0.0 
0.792994081974 0.0 
0.0636341422796 1.0 
0.110770888627 0.0 
0.270439296961 1.0 
0.999923110008 1.0 
0.938166975975 0.0 
0.0181984324008 1.0 
0.517133712769 0.0 
0.123170278966 0.0 
0.00894908793271 0.0 
0.517133712769 1.0 
0.52214962244 1.0 
0.999976992607 1.0 
0.0031659337692 1.0 
0.633811533451 1.0 
