0.486496001482 1.0 
0.411808818579 0.0 
0.263916790485 0.0 
0.483974426985 1.0 
0.368762880564 1.0 
0.456038057804 1.0 
0.358537048101 1.0 
0.457251518965 1.0 
0.478440433741 1.0 
0.415745586157 1.0 
0.252604663372 1.0 
0.507657647133 1.0 
0.555373489857 0.0 
0.531532406807 1.0 
0.378237277269 1.0 
0.636718332767 0.0 
0.600023031235 0.0 
0.738273918629 0.0 
0.437877714634 0.0 
0.358537048101 0.0 
0.555373489857 1.0 
0.408059120178 0.0 
0.771921873093 1.0 
0.6433365345 1.0 
0.494803577662 1.0 
0.392463356256 0.0 
0.72179120779 1.0 
0.738273918629 1.0 
0.377465218306 0.0 
0.647695422173 1.0 
0.342386186123 1.0 
0.510148942471 0.0 
0.342386186123 0.0 
0.232688426971 1.0 
0.457251518965 0.0 
0.198243945837 0.0 
0.392463356256 1.0 
0.507657647133 0.0 
0.486496001482 0.0 
0.456038057804 0.0 
0.600023031235 1.0 
0.733599066734 1.0 
0.771921873093 0.0 
0.531532406807 0.0 
0.378256499767 1.0 
0.711371719837 0.0 
0.711371719837 1.0 
0.424888968468 0.0 
0.415745586157 0.0 
0.309990763664 1.0 
0.577524662018 0.0 
0.378256499767 0.0 
0.468981266022 0.0 
0.252604663372 0.0 
0.408059120178 1.0 
0.494803577662 0.0 
0.368762880564 0.0 
0.424888968468 1.0 
0.647695422173 0.0 
0.198243945837 1.0 
0.72179120779 0.0 
0.636718332767 1.0 
0.478440433741 0.0 
0.232688426971 0.0 
0.496357083321 0.0 
0.483974426985 0.0 
0.377465248108 1.0 
0.643336474895 0.0 
0.496357083321 1.0 
0.468981295824 1.0 
0.378237277269 0.0 
0.263916790485 1.0 
0.31479036808 0.0 
0.73359900713 0.0 
0.309990763664 0.0 
0.31479036808 1.0 
0.411808818579 1.0 
0.577524602413 1.0 
0.437877774239 1.0 
0.510148942471 1.0 
