0.536492049694 1.0 
0.439825803041 0.0 
0.326562464237 0.0 
0.477424234152 1.0 
0.381525844336 1.0 
0.501174092293 1.0 
0.408401459455 1.0 
0.467556059361 1.0 
0.469554334879 1.0 
0.481674343348 1.0 
0.385670572519 1.0 
0.515710711479 1.0 
0.485230386257 0.0 
0.525148510933 1.0 
0.423737972975 1.0 
0.554945707321 0.0 
0.577234089375 0.0 
0.631331324577 0.0 
0.461879730225 0.0 
0.408401459455 0.0 
0.485230386257 1.0 
0.450594604015 0.0 
0.605665922165 1.0 
0.583041548729 1.0 
0.477449178696 1.0 
0.418677031994 0.0 
0.615507900715 1.0 
0.631331324577 1.0 
0.412699997425 0.0 
0.585082232952 1.0 
0.442822992802 1.0 
0.482754319906 0.0 
0.442822992802 0.0 
0.260043948889 1.0 
0.467556059361 0.0 
0.251289665699 0.0 
0.418677031994 1.0 
0.515710711479 0.0 
0.536492049694 0.0 
0.501174092293 0.0 
0.577234089375 1.0 
0.556691586971 1.0 
0.605665922165 0.0 
0.525148510933 0.0 
0.451503157616 1.0 
0.62003082037 0.0 
0.62003082037 1.0 
0.44964838028 0.0 
0.481674343348 0.0 
0.360927402973 1.0 
0.569852292538 0.0 
0.451503157616 0.0 
0.440961927176 0.0 
0.385670572519 0.0 
0.450594604015 1.0 
0.477449178696 0.0 
0.381525844336 0.0 
0.44964838028 1.0 
0.585082232952 0.0 
0.251289665699 1.0 
0.615507900715 0.0 
0.554945707321 1.0 
0.469554334879 0.0 
0.260043948889 0.0 
0.489288896322 0.0 
0.477424234152 0.0 
0.412699997425 1.0 
0.583041548729 0.0 
0.489288896322 1.0 
0.440961927176 1.0 
0.423737943172 0.0 
0.326562404633 1.0 
0.344532161951 0.0 
0.556691646576 0.0 
0.360927402973 0.0 
0.344532161951 1.0 
0.439825773239 1.0 
0.569852352142 1.0 
0.461879730225 1.0 
0.482754319906 1.0 
