0.47288531065 1.0 
0.47247427702 0.0 
0.511070370674 0.0 
0.444445997477 1.0 
0.452673137188 1.0 
0.446173936129 1.0 
0.456525027752 1.0 
0.377538770437 1.0 
0.426572442055 1.0 
0.432213783264 1.0 
0.405482083559 1.0 
0.443959414959 1.0 
0.467535585165 0.0 
0.540935635567 1.0 
0.441698879004 1.0 
0.51552349329 0.0 
0.542456448078 0.0 
0.47356826067 0.0 
0.355445116758 0.0 
0.456525027752 0.0 
0.467535585165 1.0 
0.501819193363 0.0 
0.431799203157 1.0 
0.46275395155 1.0 
0.527817189693 1.0 
0.479340434074 0.0 
0.409865409136 1.0 
0.47356826067 1.0 
0.464953988791 0.0 
0.530589282513 1.0 
0.440597116947 1.0 
0.491357505322 0.0 
0.440597116947 0.0 
0.526323616505 1.0 
0.377538770437 0.0 
0.524474680424 0.0 
0.479340434074 1.0 
0.443959414959 0.0 
0.47288531065 0.0 
0.446173936129 0.0 
0.542456448078 1.0 
0.49950632453 1.0 
0.431799203157 0.0 
0.540935635567 0.0 
0.502798497677 1.0 
0.419809162617 0.0 
0.419809162617 1.0 
0.521731674671 0.0 
0.432213783264 0.0 
0.485274225473 1.0 
0.547007083893 0.0 
0.502798497677 0.0 
0.466117560863 0.0 
0.405482083559 0.0 
0.501819193363 1.0 
0.527817189693 0.0 
0.452673137188 0.0 
0.521731674671 1.0 
0.530589282513 0.0 
0.524474680424 1.0 
0.409865409136 0.0 
0.51552349329 1.0 
0.426572442055 0.0 
0.526323616505 0.0 
0.468636065722 0.0 
0.444445997477 0.0 
0.464953958988 1.0 
0.46275395155 0.0 
0.468636065722 1.0 
0.466117590666 1.0 
0.441698879004 0.0 
0.511070370674 1.0 
0.371710300446 0.0 
0.49950632453 0.0 
0.485274225473 0.0 
0.371710300446 1.0 
0.47247427702 1.0 
0.547007083893 1.0 
0.355445086956 1.0 
0.491357475519 1.0 
