0.266948670149 1.0 
0.0131765734404 0.0 
0.00908623449504 0.0 
0.999784648418 1.0 
0.712245881557 1.0 
0.00538411037996 1.0 
0.0300738848746 1.0 
0.326218903065 1.0 
0.979031801224 1.0 
0.613589942455 1.0 
0.0593300536275 1.0 
0.0261407867074 1.0 
0.994644284248 0.0 
0.832689881325 1.0 
0.790363669395 1.0 
0.0332122296095 0.0 
0.997797131538 0.0 
0.999994516373 0.0 
0.290428549051 0.0 
0.0300738848746 0.0 
0.994644284248 1.0 
2.23045153689e-05 0.0 
0.343722373247 1.0 
0.998395860195 1.0 
0.0155697893351 1.0 
3.65195410268e-05 0.0 
0.770836353302 1.0 
0.999994516373 1.0 
0.21694740653 0.0 
0.898802280426 1.0 
0.000292185373837 1.0 
0.358017444611 0.0 
0.000292185373837 0.0 
4.44081052819e-07 1.0 
0.326218903065 0.0 
7.92299670316e-10 0.0 
3.65195410268e-05 1.0 
0.0261407867074 0.0 
0.266948670149 0.0 
0.00538411037996 0.0 
0.997797131538 1.0 
0.989639043808 1.0 
0.343722373247 0.0 
0.832689881325 0.0 
2.02321098186e-06 1.0 
0.999099373817 0.0 
0.999099373817 1.0 
0.00172815180849 0.0 
0.613589942455 0.0 
0.142500206828 1.0 
0.963245928288 0.0 
2.02321098186e-06 0.0 
0.999994754791 0.0 
0.0593300536275 0.0 
2.23045153689e-05 1.0 
0.0155697893351 0.0 
0.712245881557 0.0 
0.00172815180849 1.0 
0.898802280426 0.0 
7.92299670316e-10 1.0 
0.770836353302 0.0 
0.0332122296095 1.0 
0.979031801224 0.0 
4.44081052819e-07 0.0 
0.236077174544 0.0 
0.999784648418 0.0 
0.216947332025 1.0 
0.998395860195 0.0 
0.236077174544 1.0 
0.999994754791 1.0 
0.790363490582 0.0 
0.00908626057208 1.0 
0.0115872649476 0.0 
0.989639163017 0.0 
0.142500385642 0.0 
0.0115872649476 1.0 
0.0131765622646 1.0 
0.963245987892 1.0 
0.290428668261 1.0 
0.358017414808 1.0 
