0.517848849297 1.0 
0.449081361294 0.0 
0.334945172071 0.0 
0.468768805265 1.0 
0.431653261185 1.0 
0.4961373806 1.0 
0.418738037348 1.0 
0.476947426796 1.0 
0.456794708967 1.0 
0.435198307037 1.0 
0.340322315693 1.0 
0.524551510811 1.0 
0.532472729683 0.0 
0.501891255379 1.0 
0.394303739071 1.0 
0.521413207054 0.0 
0.56966727972 0.0 
0.576955080032 0.0 
0.493855237961 0.0 
0.418738037348 0.0 
0.532472729683 1.0 
0.393174529076 0.0 
0.606054723263 1.0 
0.609855353832 1.0 
0.489692181349 1.0 
0.456592202187 0.0 
0.591791510582 1.0 
0.576955080032 1.0 
0.439953863621 0.0 
0.546612799168 1.0 
0.396446019411 1.0 
0.53842741251 0.0 
0.396446019411 0.0 
0.277671664953 1.0 
0.476947426796 0.0 
0.269053429365 0.0 
0.456592202187 1.0 
0.524551510811 0.0 
0.517848849297 0.0 
0.4961373806 0.0 
0.56966727972 1.0 
0.599994242191 1.0 
0.606054723263 0.0 
0.501891255379 0.0 
0.46322619915 1.0 
0.601192772388 0.0 
0.601192772388 1.0 
0.437015295029 0.0 
0.435198307037 0.0 
0.376037508249 1.0 
0.578971743584 0.0 
0.46322619915 0.0 
0.459647268057 0.0 
0.340322315693 0.0 
0.393174529076 1.0 
0.489692181349 0.0 
0.431653261185 0.0 
0.437015295029 1.0 
0.546612799168 0.0 
0.269053429365 1.0 
0.591791510582 0.0 
0.521413207054 1.0 
0.456794708967 0.0 
0.277671664953 0.0 
0.534372329712 0.0 
0.468768775463 0.0 
0.439953863621 1.0 
0.609855413437 0.0 
0.534372329712 1.0 
0.459647268057 1.0 
0.394303739071 0.0 
0.334945112467 1.0 
0.352049678564 0.0 
0.599994242191 0.0 
0.376037538052 0.0 
0.352049678564 1.0 
0.449081361294 1.0 
0.578971743584 1.0 
0.493855237961 1.0 
0.53842741251 1.0 
