./180214_dermapro_filtered/Grade3/17097-08A,   (20170619150803301) 20170619150915029.bmp	848	1174	23	469
./180214_dermapro_filtered/Grade3/17097-16B,   (20170620162559320) 20170620162822632.bmp	892	1236	1206	483
./180214_dermapro_filtered/Grade3/17107-01L,   (20170725100252669) 20170725100519691.bmp	864	1196	34	438
./180214_dermapro_filtered/Grade3/17107-05R,   (20170725155016248) 20170725155151386.bmp	801	1108	22	442
./180214_dermapro_filtered/Grade3/17107-07R,   (20170726094106093) 20170726094238924.bmp	909	1258	25	498
./180214_dermapro_filtered/Grade3/17107-07R,   (20170726094106093) 20170726094419082.bmp	980	1356	1323	539
./180214_dermapro_filtered/Grade3/17107-09L,   (20170726102700380) 20170726102923426.bmp	876	1212	1189	463
./180214_dermapro_filtered/Grade3/17107-10R,   (20170726112024623) 20170726112128994.bmp	949	1313	36	516
./180214_dermapro_filtered/Grade3/17107-10R,   (20170726112024623) 20170726112220562.bmp	824	1141	1123	443
./180214_dermapro_filtered/Grade3/17107-14L,   (20170726140234888) 20170726140401898.bmp	905	1252	41	494
./180214_dermapro_filtered/Grade3/17107-14L,   (20170726140234888) 20170726140535029.bmp	955	1322	1272	496
./180214_dermapro_filtered/Grade3/17107-16R,   (20170727102502424) 20170727102617349.bmp	858	1188	58	448
./180214_dermapro_filtered/Grade3/17107-16R,   (20170727102502424) 20170727102729550.bmp	904	1251	1228	488
./180214_dermapro_filtered/Grade3/17107-18R,   (20170727131921605) 20170727132017237.bmp	787	1089	10	410
./180214_dermapro_filtered/Grade3/17107-22L,   (20170727180057281) 20170727180259558.bmp	863	1194	56	435
./180214_dermapro_filtered/Grade3/17107-22L,   (20170727180057281) 20170727180531548.bmp	829	1148	1128	451
./180214_dermapro_filtered/Grade3/17125-09R,   (20170817151839761) 20170817152052202.bmp	1058	1465	1396	557
./180214_dermapro_filtered/Grade3/17125-11L,   (20170818091528878) 20170818091743701.bmp	894	1237	1124	457
./180214_dermapro_filtered/Grade3/17125-12R,   (20170818094342360) 20170818094633187.bmp	935	1295	1223	528
./180214_dermapro_filtered/Grade3/17165-01A,   (20171113105344689) 20171113105528826.bmp	772	1068	6	416
./180214_dermapro_filtered/Grade3/17165-01A,   (20171113105344689) 20171113105611510.bmp	843	1167	1117	449
./180214_dermapro_filtered/Grade3/17165-09B,   (20171113155036396) 20171113155133847.bmp	763	1056	42	392
./180214_dermapro_filtered/Grade3/17165-09B,   (20171113155036396) 20171113155240174.bmp	827	1144	1100	432
./180214_dermapro_filtered/Grade3/17165-11A,   (20171114093407098) 20171114093611875.bmp	915	1266	1225	453
./180214_dermapro_filtered/Grade3/17165-14B,   (20171114132645324) 20171114133000345.bmp	803	1112	1092	413
./180214_dermapro_filtered/Grade3/17165-17B,   (20171114144636146) 20171114144937925.bmp	749	1036	1019	382
./180214_dermapro_filtered/Grade3/17165-18A,   (20171114150850192) 20171114151154127.bmp	820	1135	1088	409
./180214_dermapro_filtered/Grade3/17165-21B,   (20171115131213575) 20171115131326139.bmp	834	1154	45	418
./180214_dermapro_filtered/Grade3/17165-21B,   (20171115131213575) 20171115131443277.bmp	814	1127	1075	425
./180214_dermapro_filtered/Grade3/17165-25A,   (20171115160805790) 20171115160959811.bmp	805	1089	22	413
./180214_dermapro_filtered/Grade3/17166 1-04C,   (20171122104604527) 20171122104708456.bmp	697	965	31	369
./180214_dermapro_filtered/Grade3/17166 1-11C,   (20171123160316309) 20171123160522454.bmp	786	1088	1027	423
./180214_dermapro_filtered/Grade3/17166 2-04C,   (20171124101220126) 20171124101414549.bmp	864	1196	1145	463
./180214_dermapro_filtered/Grade3/17166 2-11C,   (20171124154329910) 20171124154956850.bmp	788	1091	1043	430
./180214_dermapro_filtered/Grade3/17166 2-12C,   (20171124162655034) 20171124162746785.bmp	847	1172	27	457
./180214_dermapro_filtered/Grade3/17166 2-12C,   (20171124162655034) 20171124162845638.bmp	746	997	990	403
./180214_dermapro_filtered/Grade3/17245-03A,   (20171218111642709) 20171218111804558.bmp	731	1012	23	380
./180214_dermapro_filtered/Grade3/17245-03A,   (20171218111642709) 20171218112008993.bmp	829	1114	1055	429
./180214_dermapro_filtered/Grade3/17245-07A,   (20171218134252862) 20171218134616223.bmp	851	1178	1125	459
./180214_dermapro_filtered/Grade3/17245-09A,   (20171218140603845) 20171218140953695.bmp	765	1059	986	389
./180214_dermapro_filtered/Grade3/17245-10B,   (20171218145757599) 20171218150226509.bmp	712	985	950	365
./180214_dermapro_filtered/Grade3/17245-15A,   (20171219134952353) 20171219135136151.bmp	687	951	10	335
./180214_dermapro_filtered/Grade3/17245-17A,   (20171219144339232) 20171219144653178.bmp	810	1113	1067	417
./180214_dermapro_filtered/Grade3/17245-19B,   (20171219164217552) 20171219164553102.bmp	814	1078	1064	424
./180214_dermapro_filtered/Grade3/17245-20B,   (20171220134108697) 20171220134439112.bmp	769	1065	1021	411
./180214_dermapro_filtered/Grade3/17246-01A,   (20171220095857907) 20171220100227333.bmp	756	1046	1014	383
./180214_dermapro_filtered/Grade3/17246-02B,   (20171220101412339) 20171220101542412.bmp	842	1166	9	451
./180214_dermapro_filtered/Grade3/17246-03A,   (20171220102329572) 20171220102442686.bmp	785	1087	22	406
./180214_dermapro_filtered/Grade3/17246-04B,   (20171220102724269) 20171220103111340.bmp	840	1163	1109	442
./180214_dermapro_filtered/Grade3/17246-05A,   (20171220141634614) 20171220142110159.bmp	815	1128	1095	448
./180214_dermapro_filtered/Grade3/17246-07B,   (20171220163718922) 20171220164047681.bmp	722	999	965	358
./180214_dermapro_filtered/Grade3/17246-08A,   (20171220175159385) 20171220175507020.bmp	785	1037	978	406
./180214_dermapro_filtered/Grade3/17246-09B,   (20171220180322712) 20171220180511184.bmp	875	1211	52	458
./180214_dermapro_filtered/Grade3/17246-10B,   (20171221092444027) 20171221092559910.bmp	782	1082	28	405
./180214_dermapro_filtered/Grade3/17246-10B,   (20171221092444027) 20171221092738652.bmp	775	1072	1024	428
./180214_dermapro_filtered/Grade3/17246-11A,   (20171221100424607) 20171221100706771.bmp	752	1006	993	393
./180214_dermapro_filtered/Grade3/17246-13A,   (20171221105344567) 20171221105630312.bmp	718	995	975	402
./180214_dermapro_filtered/Grade3/17246-14B,   (20171221110213131) 20171221110607028.bmp	709	978	934	404
./180214_dermapro_filtered/Grade3/17246-16A,   (20171221133054145) 20171221133359836.bmp	672	930	914	357
./180214_dermapro_filtered/Grade3/17246-17B,   (20171221141651126) 20171221141837129.bmp	868	1202	16	492
./180214_dermapro_filtered/Grade3/17246-18A,   (20171221150730889) 20171221150908994.bmp	744	1030	44	387
./180214_dermapro_filtered/Grade3/17247-16B,   (20171208111950564) 20171208112632354.bmp	759	1050	1011	385
./180214_dermapro_filtered/Grade3/17248-03B,   (20171220103326199) 20171220103528088.bmp	879	1217	1172	463
./180214_dermapro_filtered/Grade3/17248-07B,   (20171221094919261) 20171221095238596.bmp	745	1031	69	370
./180214_dermapro_filtered/Grade3/17248-10A,   (20171221113811263) 20171221114101942.bmp	763	1056	1008	360
./180214_dermapro_filtered/Grade3/17248-11B,   (20171221133202136) 20171221133336728.bmp	824	1141	68	405
./180214_dermapro_filtered/Grade3/17248-12B,   (20171221134314359) 20171221134639221.bmp	897	1242	1143	450
./180214_dermapro_filtered/Grade3/17248-13A,   (20171221143417941) 20171221144542178.bmp	825	1142	25	397
./180214_dermapro_filtered/Grade3/17248-15B,   (20171222094318663) 20171222094958667.bmp	747	1034	46	369
./180214_dermapro_filtered/Grade3/17248-15B,   (20171222094318663) 20171222095113278.bmp	731	1012	979	364
./180214_dermapro_filtered/Grade3/17248-16B,   (20171222102226483) 20171222102505078.bmp	819	1134	1085	420
./180214_dermapro_filtered/Grade3/17248-21A,   (20171222150200206) 20171222150319782.bmp	748	1035	22	379
./180214_dermapro_filtered/Grade3/17248-21A,   (20171222150200206) 20171222150425258.bmp	807	1117	1089	379
./180214_dermapro_filtered/Grade3/18001-01R,   (20180103092300433) 20180103092519455.bmp	903	1250	97	447
./180214_dermapro_filtered/Grade3/18001-01R,   (20180103092300433) 20180103092730088.bmp	933	1291	1194	487
./180214_dermapro_filtered/Grade3/18001-02R,   (20180103093619692) 20180103093912615.bmp	802	1110	78	405
./180214_dermapro_filtered/Grade3/18001-06R,   (20180103134652653) 20180103134842747.bmp	806	1115	74	413
./180214_dermapro_filtered/Grade3/18001-09R,   (20180104093054284) 20180104093441544.bmp	834	1155	1042	410
./180214_dermapro_filtered/Grade3/18001-12L,   (20180104131531869) 20180104131656467.bmp	785	1086	32	423
./180214_dermapro_filtered/Grade3/18001-15R,   (20180104163110777) 20180104163225088.bmp	868	1202	46	439
./180214_dermapro_filtered/Grade3/18001-16L,   (20180104163748762) 20180104163945196.bmp	868	1202	51	454
./180214_dermapro_filtered/Grade3/18001-17L,   (20180104171255603) 20180104171400375.bmp	918	1271	73	490
./180214_dermapro_filtered/Grade3/18001-17L,   (20180104171255603) 20180104171533588.bmp	910	1259	1199	501
./180214_dermapro_filtered/Grade3/18001-20L,   (20180105103657734) 20180105103845216.bmp	845	1170	61	428
./180214_dermapro_filtered/Grade3/18001-20L,   (20180105103657734) 20180105104045409.bmp	835	1156	1103	454
./180214_dermapro_filtered/Grade3/18001-21L,   (20180105110149290) 20180105110501127.bmp	890	1232	1160	473
./180214_dermapro_filtered/Grade3/18001-22L,   (20180105132414617) 20180105132555007.bmp	824	1140	61	393
./180214_dermapro_filtered/Grade3/18002-02A,   (20180108094317587) 20180108094609555.bmp	838	1160	1086	429
./180214_dermapro_filtered/Grade3/18002-07A,   (20180108141120529) 20180108141219118.bmp	767	1061	65	396
./180214_dermapro_filtered/Grade3/18002-10A,   (20180109094044533) 20180109094205812.bmp	781	1081	46	372
./180214_dermapro_filtered/Grade3/18002-10A,   (20180109094044533) 20180109094318823.bmp	821	1137	1085	414
./180214_dermapro_filtered/Grade3/18002-13B,   (20180109133732785) 20180109134536647.bmp	722	999	80	368
./180214_dermapro_filtered/Grade3/18002-16B,   (20180109160105726) 20180109160525177.bmp	782	1083	1007	374
./180214_dermapro_filtered/Grade3/18002-17b,   (20180110105617629) 20180110105846150.bmp	762	1055	1041	378
./180214_dermapro_filtered/Grade3/18002-19A,   (20180110132206460) 20180110132307320.bmp	772	1069	32	378
./180214_dermapro_filtered/Grade3/18002-19A,   (20180110132206460) 20180110132428512.bmp	826	1143	1100	397
./180214_dermapro_filtered/Grade3/18002-22B,   (20180111112241538) 20180111112420412.bmp	828	1146	55	408
./180214_dermapro_filtered/Grade3/18002-22B,   (20180111112241538) 20180111112637556.bmp	754	1044	1022	362
./180214_dermapro_filtered/Grade3/18008-01A,   (20180122094408607) 20180122094521234.bmp	743	1028	46	395
./180214_dermapro_filtered/Grade3/18008-01A,   (20180122094408607) 20180122094647961.bmp	746	1032	1012	371
./180214_dermapro_filtered/Grade3/18008-02A,   (20180122101413010) 20180122101515618.bmp	788	1091	35	393
./180214_dermapro_filtered/Grade3/18008-03B,   (20180122101658158) 20180122102006019.bmp	701	970	958	360
./180214_dermapro_filtered/Grade3/18008-05A,   (20180122132224540) 20180122132346173.bmp	802	1110	23	396
./180214_dermapro_filtered/Grade3/18008-05A,   (20180122132224540) 20180122132511015.bmp	878	1215	1197	406
./180214_dermapro_filtered/Grade3/18008-07B,   (20180122133928267) 20180122134128219.bmp	837	1158	21	465
./180214_dermapro_filtered/Grade3/18008-08B,   (20180122141116651) 20180122141245451.bmp	811	1123	30	396
./180214_dermapro_filtered/Grade3/18008-09B,   (20180122142333169) 20180122142441885.bmp	822	1138	28	410
./180214_dermapro_filtered/Grade3/18008-11B,   (20180123092404629) 20180123092523475.bmp	791	1095	12	411
./180214_dermapro_filtered/Grade3/18008-11B,   (20180123092404629) 20180123092750662.bmp	823	1139	1121	398
./180214_dermapro_filtered/Grade3/18008-12A,   (20180123093456494) 20180123093628344.bmp	815	1128	19	413
./180214_dermapro_filtered/Grade3/18008-12A,   (20180123093456494) 20180123093809165.bmp	741	1025	1009	353
./180214_dermapro_filtered/Grade3/18008-13A,   (20180123101204508) 20180123101453375.bmp	827	1145	1116	461
./180214_dermapro_filtered/Grade3/18008-17A,   (20180123142825740) 20180123143114539.bmp	787	1089	1076	362
./180214_dermapro_filtered/Grade3/18008-18A,   (20180123155016569) 20180123155127688.bmp	797	1103	28	369
./180214_dermapro_filtered/Grade3/18008-18A,   (20180123155016569) 20180123155247784.bmp	832	1151	1139	365
./180214_dermapro_filtered/Grade3/18008-19B,   (20180123161920900) 20180123162134724.bmp	810	1121	69	417
./180214_dermapro_filtered/Grade3/18008-19B,   (20180123161920900) 20180123162338815.bmp	758	1049	973	373
./180214_dermapro_filtered/Grade3/18008-20B,   (20180124131758715) 20180124131919643.bmp	749	1036	60	385
./180214_dermapro_filtered/Grade3/18008-21A,   (20180124174405230) 20180124174749287.bmp	765	1059	61	414
./180214_dermapro_filtered/Grade3/18008-21A,   (20180124174405230) 20180124174900311.bmp	808	1118	1068	411
./180214_dermapro_filtered/Grade3/18008-22B,   (20180126111700952) 20180126111815568.bmp	757	989	50	391
./180214_dermapro_filtered/Grade4/17097-02B,   (20170619101458456) 20170619101724832.bmp	734	1016	1010	375
./180214_dermapro_filtered/Grade4/17107-01L,   (20170725100252669) 20170725100820838.bmp	798	1105	1027	425
./180214_dermapro_filtered/Grade4/17107-02L,   (20170725103741851) 20170725103849844.bmp	822	1138	29	452
./180214_dermapro_filtered/Grade4/17107-02L,   (20170725103741851) 20170725104003768.bmp	770	1075	1061	442
./180214_dermapro_filtered/Grade4/17107-04R,   (20170725135625492) 20170725135834046.bmp	890	1232	64	450
./180214_dermapro_filtered/Grade4/17107-05R,   (20170725155016248) 20170725155313624.bmp	818	1132	1051	433
./180214_dermapro_filtered/Grade4/17107-06L,   (20170726092900332) 20170726093010843.bmp	918	1271	76	489
./180214_dermapro_filtered/Grade4/17107-09L,   (20170726102700380) 20170726102801337.bmp	885	1225	61	462
./180214_dermapro_filtered/Grade4/17107-12L,   (20170726132901468) 20170726133034178.bmp	863	1194	34	473
./180214_dermapro_filtered/Grade4/17107-12L,   (20170726132901468) 20170726133146872.bmp	944	1307	1259	516
./180214_dermapro_filtered/Grade4/17107-17L,   (20170727102744025) 20170727102830960.bmp	925	1281	40	510
./180214_dermapro_filtered/Grade4/17107-17L,   (20170727102744025) 20170727102952543.bmp	833	1153	1126	459
./180214_dermapro_filtered/Grade4/17107-18R,   (20170727131921605) 20170727132120083.bmp	879	1217	1161	469
./180214_dermapro_filtered/Grade4/17107-19L,   (20170727141622198) 20170727142255341.bmp	917	1269	1223	516
./180214_dermapro_filtered/Grade4/17107-21R,   (20170727174345192) 20170727174708380.bmp	837	1159	1147	449
./180214_dermapro_filtered/Grade4/17125-15L,   (20170818113144736) 20170818113440660.bmp	822	1059	1021	433
./180214_dermapro_filtered/Grade4/17125-21R,   (20170818163402150) 20170818163613900.bmp	1012	1353	1255	532
./180214_dermapro_filtered/Grade4/17165-02B,   (20171113110932738) 20171113111032933.bmp	795	1101	18	385
./180214_dermapro_filtered/Grade4/17165-04B,   (20171113113334397) 20171113113926498.bmp	911	1261	1242	462
./180214_dermapro_filtered/Grade4/17165-07B,   (20171113134951609) 20171113135146206.bmp	823	1139	61	436
./180214_dermapro_filtered/Grade4/17165-11A,   (20171114093407098) 20171114093458190.bmp	769	1064	42	392
./180214_dermapro_filtered/Grade4/17165-12A,   (20171114102743914) 20171114102858532.bmp	835	1156	44	425
./180214_dermapro_filtered/Grade4/17165-12A,   (20171114102743914) 20171114103026182.bmp	876	1213	1167	403
./180214_dermapro_filtered/Grade4/17165-13A,   (20171114112033572) 20171114112145272.bmp	822	1139	29	440
./180214_dermapro_filtered/Grade4/17165-13A,   (20171114112033572) 20171114112254688.bmp	803	1112	1085	384
./180214_dermapro_filtered/Grade4/17165-17B,   (20171114144636146) 20171114144746741.bmp	746	1033	26	381
./180214_dermapro_filtered/Grade4/17165-19A,   (20171114154937024) 20171114155046655.bmp	815	1128	25	397
./180214_dermapro_filtered/Grade4/17165-19A,   (20171114154937024) 20171114155201347.bmp	844	1168	1123	412
./180214_dermapro_filtered/Grade4/17165-20A,   (20171115095143994) 20171115095244527.bmp	855	1184	42	460
./180214_dermapro_filtered/Grade4/17165-20A,   (20171115095143994) 20171115095349681.bmp	771	1067	1024	405
./180214_dermapro_filtered/Grade4/17165-22B,   (20171115132726387) 20171115132839422.bmp	744	1030	35	402
./180214_dermapro_filtered/Grade4/17165-22B,   (20171115132726387) 20171115133050416.bmp	845	1169	1150	449
./180214_dermapro_filtered/Grade4/17165-23A,   (20171115135434074) 20171115135735508.bmp	842	1165	1150	460
./180214_dermapro_filtered/Grade4/17165-24A,   (20171115135836879) 20171115135953277.bmp	815	1128	41	430
./180214_dermapro_filtered/Grade4/17165-24A,   (20171115135836879) 20171115140121248.bmp	811	1123	1101	465
./180214_dermapro_filtered/Grade4/17166 1-02C,   (20171122102354697) 20171122102559810.bmp	762	1054	1025	360
./180214_dermapro_filtered/Grade4/17166 1-03A,   (20171122103055602) 20171122103406305.bmp	767	1061	1047	384
./180214_dermapro_filtered/Grade4/17166 1-05A,   (20171122132730677) 20171122132842101.bmp	866	1199	21	465
./180214_dermapro_filtered/Grade4/17166 1-05A,   (20171122132730677) 20171122132933077.bmp	738	1021	985	360
./180214_dermapro_filtered/Grade4/17166 1-06C,   (20171122165643305) 20171122165858031.bmp	877	1214	1176	456
./180214_dermapro_filtered/Grade4/17166 1-08A,   (20171123110527343) 20171123110731083.bmp	866	1159	1102	441
./180214_dermapro_filtered/Grade4/17166 1-09A,   (20171123111152485) 20171123111308299.bmp	772	1068	28	427
./180214_dermapro_filtered/Grade4/17166 1-09A,   (20171123111152485) 20171123111409420.bmp	779	1078	1060	375
./180214_dermapro_filtered/Grade4/17166 1-10A,   (20171123113356811) 20171123113547883.bmp	833	1153	26	421
./180214_dermapro_filtered/Grade4/17166 1-10A,   (20171123113356811) 20171123113642168.bmp	852	1179	1151	454
./180214_dermapro_filtered/Grade4/17166 1-11C,   (20171123160316309) 20171123160416400.bmp	871	1205	19	472
./180214_dermapro_filtered/Grade4/17166 2-02B,   (20171123151040872) 20171123151142557.bmp	767	1061	50	392
./180214_dermapro_filtered/Grade4/17166 2-04C,   (20171124101220126) 20171124101310741.bmp	842	1165	44	404
./180214_dermapro_filtered/Grade4/17166 2-05B,   (20171124104413268) 20171124104611304.bmp	746	1032	36	362
./180214_dermapro_filtered/Grade4/17166 2-05B,   (20171124104413268) 20171124104755262.bmp	769	1064	1014	391
./180214_dermapro_filtered/Grade4/17166 2-06C,   (20171124133118162) 20171124133232200.bmp	837	1159	35	431
./180214_dermapro_filtered/Grade4/17166 2-07B,   (20171124133824093) 20171124134033852.bmp	749	1037	1014	399
./180214_dermapro_filtered/Grade4/17166 2-08C,   (20171124150844931) 20171124151046327.bmp	765	1059	979	383
./180214_dermapro_filtered/Grade4/17166 2-10B,   (20171124154044018) 20171124154142274.bmp	768	1063	25	402
./180214_dermapro_filtered/Grade4/17166 2-10B,   (20171124154044018) 20171124154247988.bmp	780	1080	1035	399
./180214_dermapro_filtered/Grade4/17166 2-11C,   (20171124154329910) 20171124154858182.bmp	817	1131	45	441
./180214_dermapro_filtered/Grade4/17245-02B,   (20171218105307295) 20171218105519197.bmp	726	1004	45	362
./180214_dermapro_filtered/Grade4/17245-02B,   (20171218105307295) 20171218105804266.bmp	716	991	941	381
./180214_dermapro_filtered/Grade4/17245-04B,   (20171218112406190) 20171218112850907.bmp	722	1000	963	387
./180214_dermapro_filtered/Grade4/17245-07A,   (20171218134252862) 20171218134459006.bmp	810	1121	37	401
./180214_dermapro_filtered/Grade4/17245-08A,   (20171218133721098) 20171218134015338.bmp	890	1232	55	474
./180214_dermapro_filtered/Grade4/17245-08A,   (20171218133721098) 20171218134217583.bmp	789	1091	1056	409
./180214_dermapro_filtered/Grade4/17245-11A,   (20171219095558990) 20171219095800711.bmp	659	912	19	345
./180214_dermapro_filtered/Grade4/17245-11A,   (20171219095558990) 20171219100003033.bmp	757	985	948	369
./180214_dermapro_filtered/Grade4/17245-12B,   (20171219100057633) 20171219100253817.bmp	796	1102	48	419
./180214_dermapro_filtered/Grade4/17245-16B,   (20171219142625566) 20171219142740466.bmp	756	1040	36	384
./180214_dermapro_filtered/Grade4/17245-16B,   (20171219142625566) 20171219142913833.bmp	830	1073	1043	439
./180214_dermapro_filtered/Grade4/17245-17A,   (20171219144339232) 20171219144529281.bmp	788	1084	15	407
./180214_dermapro_filtered/Grade4/17245-20B,   (20171220134108697) 20171220134306033.bmp	730	1011	21	360
./180214_dermapro_filtered/Grade4/17245-21B,   (20171220174749021) 20171220174908114.bmp	785	1087	35	404
./180214_dermapro_filtered/Grade4/17246-06B,   (20171220162611466) 20171220162828294.bmp	831	1138	58	428
./180214_dermapro_filtered/Grade4/17246-06B,   (20171220162611466) 20171220163024984.bmp	862	1193	1143	460
./180214_dermapro_filtered/Grade4/17246-08A,   (20171220175159385) 20171220175339380.bmp	773	1070	53	374
./180214_dermapro_filtered/Grade4/17246-13A,   (20171221105344567) 20171221105453098.bmp	786	1079	47	418
./180214_dermapro_filtered/Grade4/17246-15B,   (20171221132302954) 20171221132413387.bmp	871	1206	33	427
./180214_dermapro_filtered/Grade4/17246-18A,   (20171221150730889) 20171221151042735.bmp	727	1006	950	366
./180214_dermapro_filtered/Grade4/17246-21B,   (20171222160247008) 20171222160412335.bmp	835	1156	66	429
./180214_dermapro_filtered/Grade4/17246-22A,   (20171222165803423) 20171222170036762.bmp	762	1054	1032	415
./180214_dermapro_filtered/Grade4/17247-02A,   (20171206144608350) 20171206144848949.bmp	692	958	12	347
./180214_dermapro_filtered/Grade4/17247-02A,   (20171206144608350) 20171206145047400.bmp	744	1030	1011	381
./180214_dermapro_filtered/Grade4/17247-07b,   (20171207100437967) 20171207100948893.bmp	724	1002	985	345
./180214_dermapro_filtered/Grade4/17247-12B,   (20171207135118343) 20171207135328566.bmp	714	988	946	326
./180214_dermapro_filtered/Grade4/17247-14b,   (20171208100550993) 20171208100941405.bmp	667	923	882	308
./180214_dermapro_filtered/Grade4/17247-18A,   (20171208143445473) 20171208143726768.bmp	748	1035	998	378
./180214_dermapro_filtered/Grade4/17247-23A,   (20171208164850926) 20171208165006027.bmp	727	1006	36	346
./180214_dermapro_filtered/Grade4/17248-01A,   (20171220100045495) 20171221093539148.bmp	833	1153	41	449
./180214_dermapro_filtered/Grade4/17248-02B,   (20171220101744125) 20171220101841095.bmp	821	1094	71	400
./180214_dermapro_filtered/Grade4/17248-02B,   (20171220101744125) 20171220101935603.bmp	899	1180	1107	424
./180214_dermapro_filtered/Grade4/17248-07B,   (20171221094919261) 20171221095354670.bmp	810	1100	1049	385
./180214_dermapro_filtered/Grade4/17248-10A,   (20171221113811263) 20171221113914956.bmp	695	962	48	336
./180214_dermapro_filtered/Grade4/17248-11B,   (20171221133202136) 20171221133557245.bmp	671	928	912	330
./180214_dermapro_filtered/Grade4/17248-12B,   (20171221134314359) 20171221134538031.bmp	769	1064	34	419
./180214_dermapro_filtered/Grade4/17248-13A,   (20171221143417941) 20171221144731153.bmp	824	1141	1088	396
./180214_dermapro_filtered/Grade4/17248-17A,   (20171222133715093) 20171222134256801.bmp	783	1084	55	379
./180214_dermapro_filtered/Grade4/17248-19A,   (20171222144706313) 20171222144902002.bmp	817	1131	58	444
./180214_dermapro_filtered/Grade4/17248-20B,   (20171222145621565) 20171222150030733.bmp	805	1114	50	379
./180214_dermapro_filtered/Grade4/17248-20B,   (20171222145621565) 20171222150138919.bmp	806	1116	1069	427
./180214_dermapro_filtered/Grade4/17248-22B,   (20171222165607805) 20171222165841990.bmp	754	1044	952	404
./180214_dermapro_filtered/Grade4/18001-15R,   (20180104163110777) 20180104163620234.bmp	826	1104	1034	415
./180214_dermapro_filtered/Grade4/18001-16L,   (20180104163748762) 20180104164115754.bmp	886	1226	1184	450
./180214_dermapro_filtered/Grade4/18001-19R,   (20180105102744858) 20180105103224877.bmp	851	1178	1144	453
./180214_dermapro_filtered/Grade4/18001-21L,   (20180105110149290) 20180105110335974.bmp	795	1100	74	410
./180214_dermapro_filtered/Grade4/18001-23R,   (20180105132957003) 20180105133322540.bmp	891	1233	1194	474
./180214_dermapro_filtered/Grade4/18002-12A,   (20180109133043931) 20180109133200287.bmp	698	966	32	346
./180214_dermapro_filtered/Grade4/18002-12A,   (20180109133043931) 20180109133320152.bmp	780	1080	1052	349
./180214_dermapro_filtered/Grade4/18002-18B,   (20180110112335612) 20180110112446281.bmp	798	1105	39	400
./180214_dermapro_filtered/Grade4/18002-18B,   (20180110112335612) 20180110112806818.bmp	736	1018	979	371
./180214_dermapro_filtered/Grade4/18008-04B,   (20180122104919845) 20180122105046271.bmp	806	1115	34	443
./180214_dermapro_filtered/Grade4/18008-14B,   (20180123114744378) 20180123115142216.bmp	849	1175	1113	427
./180214_dermapro_filtered/Grade4/18008-15A,   (20180123131827442) 20180123131942574.bmp	885	1225	49	447
./180214_dermapro_filtered/Grade4/18008-15A,   (20180123131827442) 20180123132139589.bmp	858	1187	1163	408
./180214_dermapro_filtered/Grade4/18008-16B,   (20180123142459639) 20180123142605946.bmp	866	1199	75	414
./180214_dermapro_filtered/Grade4/18008-17A,   (20180123142825740) 20180123142942951.bmp	793	1097	67	429
