0.544559597969 0.0 
0.404421597719 0.0 
0.513425350189 1.0 
0.503590047359 1.0 
0.457763820887 0.0 
0.368796885014 1.0 
0.450552463531 0.0 
0.634207010269 0.0 
0.423826694489 1.0 
0.274575412273 1.0 
0.488028198481 0.0 
0.456964433193 1.0 
0.465457230806 0.0 
0.379302978516 1.0 
0.431915223598 0.0 
0.377675741911 1.0 
0.601243197918 1.0 
0.539929807186 1.0 
0.484472900629 1.0 
0.431439638138 0.0 
0.468140691519 0.0 
0.424286037683 0.0 
0.529150485992 1.0 
0.481605857611 0.0 
0.600992381573 1.0 
0.626163005829 1.0 
0.471157371998 1.0 
0.53200763464 0.0 
0.49802082777 0.0 
0.574420213699 1.0 
0.489196896553 0.0 
0.440962225199 1.0 
0.668398618698 0.0 
0.441734611988 1.0 
0.416207790375 1.0 
0.575375020504 1.0 
0.432498186827 0.0 
0.496020883322 0.0 
0.521877706051 0.0 
0.333829283714 1.0 
0.505692541599 0.0 
0.44595760107 0.0 
0.500607788563 0.0 
0.349065870047 1.0 
0.499015986919 1.0 
0.50691139698 0.0 
0.626921594143 0.0 
0.443138480186 1.0 
0.555980563164 0.0 
0.452567994595 1.0 
0.415072709322 0.0 
0.501558303833 0.0 
0.485079854727 1.0 
0.367524504662 1.0 
0.506231248379 0.0 
0.612296521664 0.0 
0.439390212297 0.0 
0.423963576555 0.0 
0.408476024866 1.0 
0.440275162458 0.0 
0.527590870857 0.0 
0.588714659214 1.0 
0.567593991756 0.0 
0.41010248661 1.0 
0.53493565321 0.0 
0.526904225349 1.0 
0.426731079817 0.0 
0.468918174505 0.0 
0.464426100254 1.0 
0.537033736706 0.0 
0.536469638348 1.0 
0.554063141346 1.0 
0.435423821211 0.0 
0.395947933197 1.0 
0.624177634716 0.0 
0.408171355724 0.0 
0.569701373577 0.0 
0.329020619392 1.0 
0.446919858456 1.0 
0.581667602062 1.0 
0.340305298567 1.0 
0.555286884308 1.0 
