0.802523374557 0.0 
0.000809647201095 0.0 
0.00329483789392 1.0 
0.0377312749624 1.0 
0.974351286888 0.0 
0.00273624737747 1.0 
0.999816596508 0.0 
0.982274651527 0.0 
0.421215206385 1.0 
0.705940783024 1.0 
0.660108745098 0.0 
0.00444686319679 1.0 
0.999758303165 0.0 
0.000167311780388 1.0 
0.0302835311741 0.0 
0.909745514393 1.0 
0.967439711094 1.0 
0.996399521828 1.0 
0.34835088253 1.0 
0.993260324001 0.0 
0.982765734196 0.0 
0.998544335365 0.0 
0.999878048897 1.0 
0.996578037739 0.0 
1.0 1.0 
0.999999761581 1.0 
0.0440464355052 1.0 
0.3815779984 0.0 
0.373317211866 0.0 
0.000136336821015 1.0 
0.0562829039991 0.0 
0.938683390617 1.0 
0.999595463276 0.0 
0.910827755928 1.0 
0.999983906746 1.0 
0.998632371426 1.0 
0.981785178185 0.0 
0.0111682265997 0.0 
0.999947428703 0.0 
0.997017502785 1.0 
0.000589075963944 0.0 
0.000233553873841 0.0 
0.00395605480298 0.0 
0.243600741029 1.0 
0.988574147224 1.0 
0.984028041363 0.0 
0.999973654747 0.0 
0.98548835516 1.0 
0.999959826469 0.0 
0.293837606907 1.0 
0.845522403717 0.0 
0.673032999039 0.0 
0.940077722073 1.0 
7.99716144684e-06 1.0 
0.254818677902 0.0 
0.205031201243 0.0 
0.0351681895554 0.0 
0.295143395662 0.0 
0.10837123543 1.0 
0.999829888344 0.0 
0.966125190258 0.0 
0.0811839923263 1.0 
0.999999523163 0.0 
0.390041202307 1.0 
0.23072513938 0.0 
0.00559164816514 1.0 
1.0 0.0 
0.00326282018796 0.0 
0.0115965427831 1.0 
0.9784527421 0.0 
0.988886892796 1.0 
0.995121181011 1.0 
0.994900643826 0.0 
4.33157021362e-09 1.0 
0.99325221777 0.0 
0.999723851681 0.0 
0.000566670147236 0.0 
0.92520827055 1.0 
0.461324006319 1.0 
0.455298125744 1.0 
0.00054854148766 1.0 
0.0424783192575 1.0 
