0.99992454052 0.0 
0.00117934809532 0.0 
0.079349681735 1.0 
0.0144967250526 1.0 
0.266324609518 0.0 
0.999999165535 1.0 
0.000715442700312 0.0 
0.99999320507 0.0 
0.996873736382 1.0 
0.998146891594 1.0 
0.992345273495 0.0 
0.0316952206194 1.0 
0.981765389442 0.0 
0.744717299938 1.0 
0.000616697361693 0.0 
0.870502352715 1.0 
0.999997377396 1.0 
0.999987602234 1.0 
0.997605800629 1.0 
0.462404072285 0.0 
0.452291816473 0.0 
2.17806136789e-05 0.0 
0.995535492897 1.0 
0.311229616404 0.0 
0.999997973442 1.0 
0.999999880791 1.0 
8.5221901827e-05 1.0 
0.205303072929 0.0 
0.0233389567584 0.0 
0.00936707761139 1.0 
0.981605231762 0.0 
0.0186611004174 1.0 
0.999999523163 0.0 
0.910755872726 1.0 
0.503471791744 1.0 
0.998460292816 1.0 
0.981492221355 0.0 
0.209747970104 0.0 
0.999576985836 0.0 
0.00581145146862 1.0 
0.999939084053 0.0 
0.152075275779 0.0 
0.416332960129 0.0 
0.0311566796154 1.0 
0.406994134188 1.0 
0.535801708698 0.0 
0.99999666214 0.0 
0.414469927549 1.0 
0.952313661575 0.0 
1.63730055647e-05 1.0 
0.274483174086 0.0 
0.00488489074633 0.0 
0.00649004336447 1.0 
5.28303717147e-05 1.0 
0.115102164447 0.0 
0.813353598118 0.0 
0.866602361202 0.0 
0.0230726003647 0.0 
0.0479098297656 1.0 
0.645846128464 0.0 
0.818429470062 0.0 
0.993147790432 1.0 
0.999989628792 0.0 
0.973650574684 1.0 
0.656372070312 0.0 
0.999993443489 1.0 
0.969034850597 0.0 
0.480121523142 0.0 
0.992806434631 1.0 
0.0361105203629 0.0 
0.630036652088 1.0 
0.999996781349 1.0 
0.943404316902 0.0 
9.4781835287e-06 1.0 
0.999954342842 0.0 
0.895190775394 0.0 
0.551753520966 0.0 
0.995962440968 1.0 
0.992222845554 1.0 
0.168531060219 1.0 
0.00296801817603 1.0 
0.0421271473169 1.0 
