0.58082562685 0.0 
0.554600715637 0.0 
0.376944124699 1.0 
0.376345604658 1.0 
0.476394891739 0.0 
0.415919333696 1.0 
0.520346045494 0.0 
0.520422637463 0.0 
0.429964601994 1.0 
0.500793337822 1.0 
0.488014727831 0.0 
0.533385396004 1.0 
0.522726178169 0.0 
0.497596025467 1.0 
0.507607758045 0.0 
0.352477282286 1.0 
0.355508595705 1.0 
0.563177466393 1.0 
0.461396038532 1.0 
0.510390162468 0.0 
0.557741343975 0.0 
0.495982408524 0.0 
0.522457301617 1.0 
0.543088555336 0.0 
0.539896607399 1.0 
0.559723973274 1.0 
0.446535825729 1.0 
0.570778310299 0.0 
0.554536759853 0.0 
0.437222182751 1.0 
0.574066400528 0.0 
0.522999644279 1.0 
0.544685006142 0.0 
0.466307401657 1.0 
0.466502189636 1.0 
0.560315310955 1.0 
0.530693590641 0.0 
0.577466964722 0.0 
0.514559864998 0.0 
0.510750293732 1.0 
0.472709953785 0.0 
0.527679145336 0.0 
0.472491979599 0.0 
0.47385558486 1.0 
0.518135428429 1.0 
0.534293055534 0.0 
0.498081833124 0.0 
0.427074849606 1.0 
0.492814213037 0.0 
0.501813352108 1.0 
0.506382882595 0.0 
0.510357737541 0.0 
0.535281002522 1.0 
0.365468233824 1.0 
0.535321891308 0.0 
0.519065916538 0.0 
0.480861991644 0.0 
0.537518143654 0.0 
0.433892756701 1.0 
0.533444046974 0.0 
0.588491678238 0.0 
0.458111286163 1.0 
0.434336423874 0.0 
0.503476440907 1.0 
0.502187132835 0.0 
0.544820964336 1.0 
0.547628164291 0.0 
0.51470631361 0.0 
0.471694767475 1.0 
0.501868963242 0.0 
0.535122036934 1.0 
0.540802538395 1.0 
0.509536743164 0.0 
0.35790002346 1.0 
0.553454339504 0.0 
0.47423902154 0.0 
0.532369434834 0.0 
0.428437530994 1.0 
0.448279052973 1.0 
0.410176664591 1.0 
0.452795803547 1.0 
0.513777554035 1.0 
