0.518502175808 0.0 
0.51917219162 0.0 
0.405628234148 1.0 
0.404772698879 1.0 
0.440847396851 0.0 
0.420178025961 1.0 
0.462751358747 0.0 
0.508857011795 0.0 
0.439211666584 1.0 
0.470688223839 1.0 
0.470508247614 0.0 
0.506859779358 1.0 
0.493872672319 0.0 
0.520175039768 1.0 
0.498159050941 0.0 
0.3461548388 1.0 
0.39919474721 1.0 
0.528456747532 1.0 
0.470686525106 1.0 
0.490772485733 0.0 
0.530958116055 0.0 
0.476571708918 0.0 
0.475027799606 1.0 
0.499939829111 0.0 
0.510196566582 1.0 
0.510087430477 1.0 
0.418400645256 1.0 
0.51395791769 0.0 
0.46116361022 0.0 
0.421925425529 1.0 
0.512410879135 0.0 
0.500977218151 1.0 
0.523425519466 0.0 
0.469304978848 1.0 
0.408730179071 1.0 
0.530898690224 1.0 
0.497933059931 0.0 
0.538949728012 0.0 
0.491832584143 0.0 
0.439172238111 1.0 
0.489082217216 0.0 
0.513187348843 0.0 
0.425056874752 0.0 
0.452057033777 1.0 
0.445592671633 1.0 
0.527748048306 0.0 
0.419976443052 0.0 
0.430173873901 1.0 
0.454854995012 0.0 
0.439081221819 1.0 
0.471665263176 0.0 
0.476150155067 0.0 
0.486437708139 1.0 
0.358656316996 1.0 
0.516625523567 0.0 
0.503039777279 0.0 
0.461641162634 0.0 
0.531903862953 0.0 
0.432785004377 1.0 
0.49681776762 0.0 
0.511628627777 0.0 
0.431955873966 1.0 
0.376097768545 0.0 
0.517009735107 1.0 
0.490430861712 0.0 
0.521679103374 1.0 
0.505591750145 0.0 
0.494491785765 0.0 
0.464910209179 1.0 
0.502622425556 0.0 
0.464331895113 1.0 
0.528196275234 1.0 
0.494424104691 0.0 
0.383530467749 1.0 
0.502197921276 0.0 
0.412223517895 0.0 
0.456340700388 0.0 
0.36327791214 1.0 
0.433364063501 1.0 
0.436745226383 1.0 
0.418516278267 1.0 
0.472707986832 1.0 
