0.540859699249 0.0 
0.517462909222 0.0 
0.440362721682 1.0 
0.405788004398 1.0 
0.481138437986 0.0 
0.415951341391 1.0 
0.518128156662 0.0 
0.538216650486 0.0 
0.41228505969 1.0 
0.457302361727 1.0 
0.469505935907 0.0 
0.472010493279 1.0 
0.513406217098 0.0 
0.499872654676 1.0 
0.504730761051 0.0 
0.456471115351 1.0 
0.482955187559 1.0 
0.549179255962 1.0 
0.492118746042 1.0 
0.483376979828 0.0 
0.534319221973 0.0 
0.540540099144 0.0 
0.498590648174 1.0 
0.50912374258 0.0 
0.535658121109 1.0 
0.54385137558 1.0 
0.494400918484 1.0 
0.508785545826 0.0 
0.526220977306 0.0 
0.467355370522 1.0 
0.5098721385 0.0 
0.467005878687 1.0 
0.504179894924 0.0 
0.438193529844 1.0 
0.438875764608 1.0 
0.564140498638 1.0 
0.497345775366 0.0 
0.523322343826 0.0 
0.546548962593 0.0 
0.460576802492 1.0 
0.5115711689 0.0 
0.515787065029 0.0 
0.483807742596 0.0 
0.441289454699 1.0 
0.496167093515 1.0 
0.524639546871 0.0 
0.505666077137 0.0 
0.472325086594 1.0 
0.50398170948 0.0 
0.437169015408 1.0 
0.447508603334 0.0 
0.515114843845 0.0 
0.507252931595 1.0 
0.38389274478 1.0 
0.50713789463 0.0 
0.54833984375 0.0 
0.453641265631 0.0 
0.52386033535 0.0 
0.481211453676 1.0 
0.489830374718 0.0 
0.530298411846 0.0 
0.467988759279 1.0 
0.481242239475 0.0 
0.489043414593 1.0 
0.523651123047 0.0 
0.494911819696 1.0 
0.518101155758 0.0 
0.476445674896 0.0 
0.501798927784 1.0 
0.518830955029 0.0 
0.484265297651 1.0 
0.513235569 1.0 
0.485580474138 0.0 
0.393938601017 1.0 
0.51620388031 0.0 
0.46783053875 0.0 
0.484826087952 0.0 
0.367694973946 1.0 
0.495801627636 1.0 
0.449307113886 1.0 
0.402031183243 1.0 
0.50035405159 1.0 
