0.999943733215 0.0 
0.624384641647 0.0 
7.62645697705e-07 1.0 
4.64708500658e-05 1.0 
0.000693032168783 0.0 
0.00061374733923 1.0 
0.999538064003 0.0 
0.952239274979 0.0 
9.06886853045e-05 1.0 
0.99999320507 1.0 
0.961964428425 0.0 
0.999400496483 1.0 
0.97874635458 0.0 
0.000786386837717 1.0 
0.207415267825 0.0 
0.0499235987663 1.0 
0.0337762460113 1.0 
0.971912384033 1.0 
0.00197173980996 1.0 
0.000631517264992 0.0 
0.999850153923 0.0 
0.999998450279 0.0 
0.998457312584 1.0 
0.999983072281 0.0 
1.0 1.0 
0.99971729517 1.0 
1.791488069e-10 1.0 
0.0748496800661 0.0 
0.171378165483 0.0 
0.661374866962 1.0 
0.950852692127 0.0 
0.998279929161 1.0 
0.445928901434 0.0 
0.123020090163 1.0 
1.0 1.0 
0.470840394497 1.0 
0.020296042785 0.0 
0.00724417064339 0.0 
0.999999880791 0.0 
0.999960064888 1.0 
0.00186653330456 0.0 
0.980890989304 0.0 
0.00761614134535 0.0 
0.000589408737142 1.0 
0.43986839056 1.0 
0.948555350304 0.0 
0.999779522419 0.0 
0.000200474183657 1.0 
0.999313831329 0.0 
2.6685271223e-05 1.0 
0.00333407241851 0.0 
0.99592089653 0.0 
0.996166467667 1.0 
0.00526738446206 1.0 
0.975421369076 0.0 
0.993285596371 0.0 
0.0428676605225 0.0 
0.702097535133 0.0 
0.000223158349399 1.0 
0.999998807907 0.0 
0.999907493591 0.0 
0.748288810253 1.0 
0.999999642372 0.0 
0.376668512821 1.0 
0.044847086072 0.0 
0.648916661739 1.0 
0.997663259506 0.0 
0.000337186094839 0.0 
0.823326826096 1.0 
0.0156549457461 0.0 
0.76164919138 1.0 
0.119344286621 1.0 
0.52656763792 0.0 
1.0303822684e-08 1.0 
0.999908447266 0.0 
0.999553859234 0.0 
0.999957442284 0.0 
0.00122836756054 1.0 
0.999778807163 1.0 
0.960878014565 1.0 
4.29114188591e-05 1.0 
1.60636482178e-05 1.0 
