0.990894556046 0.0 
2.0989400582e-05 0.0 
0.00503653427586 1.0 
0.157785117626 1.0 
0.0928324609995 0.0 
7.80066002903e-08 1.0 
1.9672776034e-05 0.0 
0.999608695507 0.0 
0.610892534256 1.0 
7.05466504769e-07 1.0 
0.988052368164 0.0 
0.00010584811389 1.0 
0.999946117401 0.0 
0.793954670429 1.0 
0.128807887435 0.0 
0.999863505363 1.0 
0.980522692204 1.0 
0.999982357025 1.0 
0.585917592049 1.0 
0.507907032967 0.0 
0.903402805328 0.0 
0.967434406281 0.0 
0.99635964632 1.0 
0.942356288433 0.0 
0.999995708466 1.0 
0.999997735023 1.0 
0.989955067635 1.0 
0.987307071686 0.0 
0.00175768882036 0.0 
0.000370952300727 1.0 
0.338191509247 0.0 
0.0795269683003 1.0 
0.999999523163 0.0 
0.966952621937 1.0 
0.393205463886 1.0 
0.992550730705 1.0 
0.741814792156 0.0 
0.972189366817 0.0 
0.999897003174 0.0 
5.50079603272e-05 1.0 
0.0367775224149 0.0 
0.473069995642 0.0 
0.00853256043047 0.0 
0.0733907297254 1.0 
0.998913407326 1.0 
0.774781286716 0.0 
0.964518666267 0.0 
0.935478329659 1.0 
9.33733244892e-05 0.0 
0.0135913202539 1.0 
0.0054982365109 0.0 
0.673776090145 0.0 
0.0529126003385 1.0 
3.8187867176e-05 1.0 
0.45760923624 0.0 
0.985882818699 0.0 
0.183169424534 0.0 
0.0951654836535 0.0 
0.518037080765 1.0 
0.746475338936 0.0 
0.783616304398 0.0 
0.907240509987 1.0 
0.999999284744 0.0 
0.802716016769 1.0 
0.972135663033 0.0 
0.983750879765 1.0 
0.65741956234 0.0 
0.163963809609 0.0 
0.999763429165 1.0 
0.92001760006 0.0 
0.0341371484101 1.0 
0.999997496605 1.0 
0.0234265215695 0.0 
2.64055693977e-10 1.0 
0.996558368206 0.0 
0.0579227171838 0.0 
2.83691879304e-05 0.0 
0.964174568653 1.0 
0.990232467651 1.0 
0.994324445724 1.0 
0.000971078698058 1.0 
0.00781272817403 1.0 
