0.044312633574 0.0 
0.999566495419 0.0 
0.0135736940429 1.0 
1.28920305542e-08 1.0 
0.208017617464 0.0 
0.00406187167391 1.0 
0.994420349598 0.0 
0.883162260056 0.0 
0.0952737852931 1.0 
0.501968681812 1.0 
0.907221376896 0.0 
0.996392786503 1.0 
0.141391128302 0.0 
0.910717606544 1.0 
0.12805095315 0.0 
1.69202539837e-05 1.0 
0.00199149153195 1.0 
0.467034220695 1.0 
0.0251241251826 1.0 
0.396103292704 0.0 
0.120671406388 0.0 
0.0012533426052 0.0 
0.876210033894 1.0 
0.989945709705 0.0 
0.0621781013906 1.0 
0.0195978730917 1.0 
0.0211039334536 1.0 
0.999910593033 0.0 
1.0 0.0 
0.00301145273261 1.0 
0.989404439926 0.0 
0.875361979008 1.0 
0.0269017033279 0.0 
0.99557697773 1.0 
0.99982625246 1.0 
0.282603800297 1.0 
0.0446027033031 0.0 
0.609497308731 0.0 
0.447194099426 0.0 
0.672651588917 1.0 
0.999101877213 0.0 
0.173873722553 0.0 
0.99951171875 0.0 
0.0687634199858 1.0 
0.0221834741533 1.0 
0.0846348553896 0.0 
0.0479929074645 0.0 
0.0164430830628 1.0 
0.954356789589 0.0 
0.966814577579 1.0 
0.754069745541 0.0 
0.990037083626 0.0 
0.99998998642 1.0 
0.000870326359291 1.0 
0.13244445622 0.0 
0.0718157887459 0.0 
0.655851066113 0.0 
0.689190208912 0.0 
0.999761044979 1.0 
0.870339512825 0.0 
0.893073022366 0.0 
0.181755751371 1.0 
0.204448118806 0.0 
0.000234265549807 1.0 
0.00632803980261 0.0 
0.9978094697 1.0 
0.00400398625061 0.0 
0.838015258312 0.0 
0.99950003624 1.0 
0.000329335336573 0.0 
0.997404873371 1.0 
0.861356317997 1.0 
0.134312182665 0.0 
0.112321607769 1.0 
0.999869465828 0.0 
0.993036210537 0.0 
0.999821007252 0.0 
0.00236300821416 1.0 
0.922230124474 1.0 
0.0021831006743 1.0 
0.981442630291 1.0 
0.20958584547 1.0 
