0.00162075657863 0.0 
6.01214082963e-08 0.0 
0.588311672211 1.0 
0.978018760681 1.0 
0.0152534553781 0.0 
0.000126701153931 1.0 
2.13512012124e-05 0.0 
9.60270190262e-05 0.0 
0.99935489893 1.0 
2.21561506919e-08 1.0 
0.000412262248574 0.0 
6.00564053457e-05 1.0 
0.987294018269 0.0 
8.33698948099e-07 1.0 
0.585693061352 0.0 
0.000109107706521 1.0 
0.999947428703 1.0 
0.0969907417893 1.0 
0.142539188266 1.0 
2.03224954021e-06 0.0 
0.00124144321308 0.0 
1.72918716999e-05 0.0 
0.637714445591 1.0 
0.0170699153095 0.0 
0.999625444412 1.0 
0.999998927116 1.0 
0.67565715313 1.0 
0.141344174743 0.0 
0.00129878649022 0.0 
0.373391598463 1.0 
0.999393105507 0.0 
2.63952824753e-06 1.0 
0.997080266476 0.0 
0.997243762016 1.0 
0.00747651420534 1.0 
0.0107088116929 1.0 
0.000700321572367 0.0 
6.09780227023e-06 0.0 
0.510165691376 0.0 
1.88661545053e-06 1.0 
0.872472167015 0.0 
0.45089122653 0.0 
2.89654394692e-06 0.0 
0.92705899477 1.0 
0.0395868718624 1.0 
0.270463436842 0.0 
0.999956130981 0.0 
0.234602883458 1.0 
0.267262548208 0.0 
0.992448210716 1.0 
0.0719834417105 0.0 
3.19963946822e-05 0.0 
4.88630503241e-05 1.0 
0.0873630419374 1.0 
0.911193549633 0.0 
0.00606906227767 0.0 
0.500754356384 0.0 
1.0973540826e-10 0.0 
2.01068883765e-10 1.0 
0.000355968135409 0.0 
2.57440879068e-05 0.0 
0.0184153243899 1.0 
0.999810039997 0.0 
0.330624371767 1.0 
0.985749721527 0.0 
0.0709221586585 1.0 
2.13912514369e-07 0.0 
0.887274563313 0.0 
0.163228660822 1.0 
0.108317196369 0.0 
0.0486904196441 1.0 
0.0226546209306 1.0 
0.037471588701 0.0 
0.0167983379215 1.0 
0.988558292389 0.0 
0.674785137177 0.0 
8.85926419869e-05 0.0 
0.148057922721 1.0 
0.191202759743 1.0 
0.857210695744 1.0 
0.877501189709 1.0 
0.316100567579 1.0 
