0.953224897385 0.0 
0.878521025181 0.0 
1.02820586108e-05 1.0 
0.99934977293 1.0 
0.019508022815 0.0 
9.96639937512e-06 1.0 
0.998298227787 0.0 
0.937269687653 0.0 
0.286834567785 1.0 
0.994590640068 1.0 
0.0119715509936 0.0 
0.966906249523 1.0 
0.999981045723 0.0 
1.49825670533e-12 1.0 
0.770970642567 0.0 
4.76000678873e-08 1.0 
6.9260448754e-07 1.0 
0.99700063467 1.0 
1.41843411257e-05 1.0 
4.57658444475e-07 0.0 
0.999584972858 0.0 
0.00258969306014 0.0 
0.504384756088 1.0 
4.22888078901e-05 0.0 
0.999998211861 1.0 
0.999998211861 1.0 
4.52365749026e-12 1.0 
0.00726533588022 0.0 
0.999234437943 0.0 
2.77793924397e-06 1.0 
0.95898938179 0.0 
0.409888654947 1.0 
0.0342083126307 0.0 
0.998955965042 1.0 
0.351539373398 1.0 
0.865511000156 1.0 
0.636286914349 0.0 
0.925722777843 0.0 
0.0597737617791 0.0 
0.00216349214315 1.0 
0.999564349651 0.0 
0.0246397741139 0.0 
0.999999403954 0.0 
0.0260713901371 1.0 
0.763163506985 1.0 
0.00911060161889 0.0 
3.04510194837e-05 0.0 
9.29427642404e-06 1.0 
0.814875364304 0.0 
0.999868392944 1.0 
3.07427580992e-06 0.0 
0.00516121648252 0.0 
0.999998688698 1.0 
0.0610598959029 1.0 
0.00461548333988 0.0 
0.335415363312 0.0 
0.000336075056111 0.0 
0.882524371147 0.0 
0.999997854233 1.0 
0.999960660934 0.0 
0.238229393959 0.0 
4.77153264455e-07 1.0 
8.11969657661e-05 0.0 
8.47804694786e-05 1.0 
0.0398640818894 0.0 
0.986117303371 1.0 
0.688605964184 0.0 
0.000333408737788 0.0 
0.976993978024 1.0 
0.000264905800577 0.0 
0.950942575932 1.0 
0.999890685081 1.0 
0.028748229146 0.0 
0.0911859050393 1.0 
0.785008430481 0.0 
0.917344391346 0.0 
0.999999403954 0.0 
6.59793357727e-08 1.0 
0.999999761581 1.0 
0.99994122982 1.0 
0.0127404369414 1.0 
0.497976511717 1.0 
