0.554557323456 0.0 
0.358157157898 0.0 
0.616629958153 1.0 
0.580305278301 1.0 
0.464289993048 0.0 
0.327787339687 1.0 
0.417192518711 0.0 
0.637909591198 0.0 
0.445711314678 1.0 
0.235039278865 1.0 
0.46523347497 0.0 
0.462037473917 1.0 
0.494419336319 0.0 
0.329684346914 1.0 
0.381716758013 0.0 
0.359802514315 1.0 
0.555027127266 1.0 
0.499598503113 1.0 
0.453486263752 1.0 
0.387525677681 0.0 
0.466560482979 0.0 
0.333026736975 0.0 
0.52420425415 1.0 
0.51088643074 0.0 
0.606082439423 1.0 
0.564252376556 1.0 
0.36378467083 1.0 
0.320475578308 0.0 
0.539696395397 0.0 
0.63119083643 1.0 
0.410409331322 0.0 
0.440422475338 1.0 
0.767756164074 0.0 
0.439856112003 1.0 
0.437333911657 1.0 
0.509017944336 1.0 
0.396364182234 0.0 
0.44648039341 0.0 
0.520248055458 0.0 
0.23946622014 1.0 
0.557545602322 0.0 
0.354289650917 0.0 
0.549029052258 0.0 
0.407812356949 1.0 
0.518720507622 1.0 
0.528315067291 0.0 
0.627677738667 0.0 
0.453879565001 1.0 
0.505754709244 0.0 
0.462325721979 1.0 
0.406469762325 0.0 
0.44820740819 0.0 
0.468290925026 1.0 
0.513357162476 1.0 
0.522507369518 0.0 
0.625809848309 0.0 
0.498606592417 0.0 
0.349138706923 0.0 
0.446640968323 1.0 
0.455153256655 0.0 
0.481316238642 0.0 
0.628686785698 1.0 
0.631300806999 0.0 
0.377336978912 1.0 
0.525540530682 0.0 
0.608843386173 1.0 
0.394230186939 0.0 
0.529312491417 0.0 
0.54509884119 1.0 
0.565646588802 0.0 
0.543705224991 1.0 
0.581762254238 1.0 
0.424895018339 0.0 
0.510161340237 1.0 
0.725815653801 0.0 
0.453109711409 0.0 
0.588039934635 0.0 
0.285780549049 1.0 
0.551963567734 1.0 
0.568389058113 1.0 
0.410950452089 1.0 
0.513791382313 1.0 
