0.810668647289 0.0 
5.71091322854e-06 0.0 
0.392212927341 1.0 
0.999999284744 1.0 
0.51673489809 0.0 
0.00229256786406 1.0 
1.28374915676e-06 0.0 
0.033206962049 0.0 
0.99999332428 1.0 
1.75160494109e-06 1.0 
0.864434421062 0.0 
1.59328810696e-05 1.0 
0.994330644608 0.0 
3.93822629121e-05 1.0 
0.331814855337 0.0 
0.042536649853 1.0 
0.982154965401 1.0 
0.999736011028 1.0 
0.0452021919191 1.0 
0.296516865492 0.0 
0.705696940422 0.0 
0.293109476566 0.0 
0.990824341774 1.0 
0.0822725519538 0.0 
0.999992370605 1.0 
0.999913692474 1.0 
0.00345417344943 1.0 
0.999999403954 0.0 
0.00138399028219 0.0 
0.497641474009 1.0 
0.994187116623 0.0 
0.000158440452651 1.0 
0.999103307724 0.0 
0.999410033226 1.0 
0.109364487231 1.0 
0.961680591106 1.0 
0.0692791268229 0.0 
0.112463049591 0.0 
0.965910494328 0.0 
0.404961138964 1.0 
0.00915353745222 0.0 
0.193043634295 0.0 
0.0287383645773 0.0 
0.144634976983 1.0 
0.0383575670421 1.0 
0.983859419823 0.0 
0.955098927021 0.0 
0.252940922976 1.0 
0.988187015057 0.0 
0.00505614932626 1.0 
0.288404375315 0.0 
0.116264596581 0.0 
0.0249689221382 1.0 
0.00190790463239 1.0 
0.987370014191 0.0 
0.64156806469 0.0 
0.414484530687 0.0 
0.000258384068729 0.0 
0.251855403185 1.0 
0.592481017113 0.0 
0.672377586365 0.0 
0.000297345221043 1.0 
0.999933004379 0.0 
0.916704118252 1.0 
0.489777833223 0.0 
0.999969005585 1.0 
0.00543531402946 0.0 
0.00677229696885 0.0 
0.599578380585 1.0 
0.0024025181774 0.0 
0.793500900269 1.0 
0.99901509285 1.0 
0.962872743607 0.0 
1.42877649978e-06 1.0 
0.760712265968 0.0 
0.0649260282516 0.0 
3.74390983779e-05 0.0 
0.107504807413 1.0 
0.359899699688 1.0 
1.0 1.0 
0.000229605619097 1.0 
0.797592103481 1.0 
