0.952215671539 0.0 
0.892538309097 0.0 
2.7459265084e-07 1.0 
0.001833471586 1.0 
0.865094542503 0.0 
0.0033643480856 1.0 
0.0716644152999 0.0 
0.991363286972 0.0 
0.922056794167 1.0 
0.336785048246 1.0 
0.00250921514817 0.0 
0.998900413513 1.0 
0.999999880791 0.0 
2.29882999747e-07 1.0 
0.906121790409 0.0 
1.11295969418e-06 1.0 
0.00147120282054 1.0 
0.999358952045 1.0 
0.00540930079296 1.0 
0.00439982069656 0.0 
0.998653531075 0.0 
0.0055423877202 0.0 
0.245718151331 1.0 
0.133346095681 0.0 
0.99896633625 1.0 
1.95021016225e-06 1.0 
8.06156252864e-10 1.0 
0.991475999355 0.0 
0.999992609024 0.0 
6.94452495509e-08 1.0 
0.0495539978147 0.0 
0.0945884585381 1.0 
0.00861147977412 0.0 
0.996954798698 1.0 
0.999191224575 1.0 
0.391394525766 1.0 
8.00078487373e-06 0.0 
0.991163849831 0.0 
0.76123803854 0.0 
0.00300767715089 1.0 
0.999567806721 0.0 
0.0197291262448 0.0 
0.997273147106 0.0 
0.219639480114 1.0 
0.832077026367 1.0 
0.988215923309 0.0 
0.36606323719 0.0 
0.000119627649838 1.0 
0.000209108664421 0.0 
0.999999642372 1.0 
0.00737256743014 0.0 
0.0241218060255 0.0 
0.999795138836 1.0 
0.999999761581 1.0 
0.00994448177516 0.0 
0.938460230827 0.0 
0.000678755226545 0.0 
0.988985180855 0.0 
0.999998807907 1.0 
1.0 0.0 
0.0112370662391 0.0 
4.95261629112e-05 1.0 
0.99995803833 0.0 
0.00210479041561 1.0 
0.00181715935469 0.0 
0.999999880791 1.0 
0.12456061691 0.0 
0.000298031460261 0.0 
0.999977588654 1.0 
0.000246846815571 0.0 
0.112771309912 1.0 
1.0 1.0 
0.00183001055848 0.0 
0.999999284744 1.0 
0.99997150898 0.0 
0.994945943356 0.0 
0.999913454056 0.0 
1.04113078123e-05 1.0 
0.999643564224 1.0 
0.441596806049 1.0 
1.54009485414e-05 1.0 
0.99972730875 1.0 
