0.570049405098 0.0 
0.480549365282 0.0 
0.481779664755 1.0 
0.398036628962 1.0 
0.464754492044 0.0 
0.350700944662 1.0 
0.464949220419 0.0 
0.568848013878 0.0 
0.393130362034 1.0 
0.404003322124 1.0 
0.466203182936 0.0 
0.49726036191 1.0 
0.566317081451 0.0 
0.501123011112 1.0 
0.539379000664 0.0 
0.550536632538 1.0 
0.571967601776 1.0 
0.582172691822 1.0 
0.506487071514 1.0 
0.45472869277 0.0 
0.528762102127 0.0 
0.526571750641 0.0 
0.476696759462 1.0 
0.496323168278 0.0 
0.601566851139 1.0 
0.654337823391 1.0 
0.564814329147 1.0 
0.562394082546 0.0 
0.546260178089 0.0 
0.425658285618 1.0 
0.553781867027 0.0 
0.463145673275 1.0 
0.532928645611 0.0 
0.438068300486 1.0 
0.413231939077 1.0 
0.603670299053 1.0 
0.487103372812 0.0 
0.529681384563 0.0 
0.571257889271 0.0 
0.424486964941 1.0 
0.482885360718 0.0 
0.506265759468 0.0 
0.490823566914 0.0 
0.353813976049 1.0 
0.480002790689 1.0 
0.504666924477 0.0 
0.471888929605 0.0 
0.507419407368 1.0 
0.525187015533 0.0 
0.397808223963 1.0 
0.443490773439 0.0 
0.489635497332 0.0 
0.456140071154 1.0 
0.371485382318 1.0 
0.498633384705 0.0 
0.564367115498 0.0 
0.467546701431 0.0 
0.514193952084 0.0 
0.46324083209 1.0 
0.481867522001 0.0 
0.529191613197 0.0 
0.490534096956 1.0 
0.514793694019 0.0 
0.488177239895 1.0 
0.529268622398 0.0 
0.54415422678 1.0 
0.533962488174 0.0 
0.464977443218 0.0 
0.487321376801 1.0 
0.488207757473 0.0 
0.522209405899 1.0 
0.519907474518 1.0 
0.501647412777 0.0 
0.34036436677 1.0 
0.55140799284 0.0 
0.459105342627 0.0 
0.484537005424 0.0 
0.328432649374 1.0 
0.502673983574 1.0 
0.39441549778 1.0 
0.343465358019 1.0 
0.472171992064 1.0 
