0.527488946915 0.0 
0.529127836227 0.0 
0.442104041576 1.0 
0.418117165565 1.0 
0.445695340633 0.0 
0.367863506079 1.0 
0.43787664175 0.0 
0.501128673553 0.0 
0.414056450129 1.0 
0.478507041931 1.0 
0.457161128521 0.0 
0.502144634724 1.0 
0.536407709122 0.0 
0.524533748627 1.0 
0.533762454987 0.0 
0.402040928602 1.0 
0.462764203548 1.0 
0.558544516563 1.0 
0.500451266766 1.0 
0.493788391352 0.0 
0.533544063568 0.0 
0.507972240448 0.0 
0.45113158226 1.0 
0.474758416414 0.0 
0.564527273178 1.0 
0.533713102341 1.0 
0.435624480247 1.0 
0.511399328709 0.0 
0.493351757526 0.0 
0.435412853956 1.0 
0.533509373665 0.0 
0.482546061277 1.0 
0.536742031574 0.0 
0.456001937389 1.0 
0.406075417995 1.0 
0.541537344456 1.0 
0.524578273296 0.0 
0.532894909382 0.0 
0.487775236368 0.0 
0.474850207567 1.0 
0.503370642662 0.0 
0.517882466316 0.0 
0.48295083642 0.0 
0.439649343491 1.0 
0.425845593214 1.0 
0.54133027792 0.0 
0.407590329647 0.0 
0.464480251074 1.0 
0.43794208765 0.0 
0.419321149588 1.0 
0.453637212515 0.0 
0.495954424143 0.0 
0.506203711033 1.0 
0.381444573402 1.0 
0.527210772038 0.0 
0.487992405891 0.0 
0.48794028163 0.0 
0.542758464813 0.0 
0.454850763083 1.0 
0.514135658741 0.0 
0.517223715782 0.0 
0.473742812872 1.0 
0.405263155699 0.0 
0.529867589474 1.0 
0.487750023603 0.0 
0.555157601833 1.0 
0.533190011978 0.0 
0.503648579121 0.0 
0.467169821262 1.0 
0.486380547285 0.0 
0.461667895317 1.0 
0.560769915581 1.0 
0.522352278233 0.0 
0.386502474546 1.0 
0.51914191246 0.0 
0.430033177137 0.0 
0.495455175638 0.0 
0.337872892618 1.0 
0.440867036581 1.0 
0.434302568436 1.0 
0.429392546415 1.0 
0.479133725166 1.0 
