0.725926935673 0.0 
0.392791330814 0.0 
5.43741514036e-08 1.0 
0.876824200153 1.0 
9.98054601951e-05 0.0 
0.0994375795126 1.0 
0.803696274757 0.0 
0.99962413311 0.0 
0.105685919523 1.0 
2.975026473e-05 1.0 
0.0407228544354 0.0 
0.995229840279 1.0 
1.0 0.0 
5.29971366632e-05 1.0 
0.809390485287 0.0 
4.99161316725e-08 1.0 
0.0468509197235 1.0 
0.811158776283 1.0 
8.65467609401e-06 1.0 
0.000262425892288 0.0 
0.999774754047 0.0 
0.99139469862 0.0 
0.986439108849 1.0 
0.00215444597416 0.0 
0.999113500118 1.0 
0.0985764488578 1.0 
8.41719249856e-10 1.0 
0.839650988579 0.0 
0.999997615814 0.0 
1.43898702731e-07 1.0 
0.932172179222 0.0 
0.00151039485354 1.0 
0.69356906414 0.0 
0.878080904484 1.0 
0.998045563698 1.0 
0.0037009390071 1.0 
0.00233414419927 0.0 
0.891280770302 0.0 
0.929029941559 0.0 
0.0463226363063 1.0 
0.843187391758 0.0 
0.96930783987 0.0 
1.0 0.0 
0.29269349575 1.0 
0.000513119448442 1.0 
0.320135712624 0.0 
0.174300149083 0.0 
0.000137205934152 1.0 
0.824157655239 0.0 
0.999844074249 1.0 
0.0563373044133 0.0 
0.290708899498 0.0 
0.999914526939 1.0 
0.917056143284 1.0 
0.405420213938 0.0 
0.017383409664 0.0 
0.00515295518562 0.0 
0.715848505497 0.0 
0.999999761581 1.0 
0.999968647957 0.0 
0.0016112299636 0.0 
1.80215033652e-06 1.0 
0.999899864197 0.0 
0.000421583536081 1.0 
0.0470234416425 0.0 
0.99998497963 1.0 
0.992524445057 0.0 
0.000996089424007 0.0 
0.998726785183 1.0 
0.00212444947101 0.0 
0.00119377905503 1.0 
0.999918222427 1.0 
0.006735897623 0.0 
0.0992048308253 1.0 
0.999999642372 0.0 
0.558279633522 0.0 
0.999999761581 0.0 
1.18200212285e-07 1.0 
0.946149408817 1.0 
0.95684081316 1.0 
0.695906817913 1.0 
0.00143061426934 1.0 
