0.528678894043 0.0 
0.478984385729 0.0 
0.463243097067 1.0 
0.367520570755 1.0 
0.463692694902 0.0 
0.419743001461 1.0 
0.481285363436 0.0 
0.558382987976 0.0 
0.388944715261 1.0 
0.468185603619 1.0 
0.468147963285 0.0 
0.486032098532 1.0 
0.514658212662 0.0 
0.477124750614 1.0 
0.51532626152 0.0 
0.464257895947 1.0 
0.508637547493 1.0 
0.56141680479 1.0 
0.504868805408 1.0 
0.470210582018 0.0 
0.512289583683 0.0 
0.501182079315 0.0 
0.489168733358 1.0 
0.495368987322 0.0 
0.558398842812 1.0 
0.586194813251 1.0 
0.496762663126 1.0 
0.54612082243 0.0 
0.539556741714 0.0 
0.517376124859 1.0 
0.556290984154 0.0 
0.486293375492 1.0 
0.541290700436 0.0 
0.419438034296 1.0 
0.430787980556 1.0 
0.57562404871 1.0 
0.507650256157 0.0 
0.505659759045 0.0 
0.542555809021 0.0 
0.49041262269 1.0 
0.540270745754 0.0 
0.519310414791 0.0 
0.511934399605 0.0 
0.410405784845 1.0 
0.493007451296 1.0 
0.519190192223 0.0 
0.529604613781 0.0 
0.479146927595 1.0 
0.54388743639 0.0 
0.432569175959 1.0 
0.455536544323 0.0 
0.482341140509 0.0 
0.473054856062 1.0 
0.37479570508 1.0 
0.512562155724 0.0 
0.528301119804 0.0 
0.451250702143 0.0 
0.516325056553 0.0 
0.459573626518 1.0 
0.485593765974 0.0 
0.526431798935 0.0 
0.518580079079 1.0 
0.499607533216 0.0 
0.467752277851 1.0 
0.516316056252 0.0 
0.539463400841 1.0 
0.514870166779 0.0 
0.461079895496 0.0 
0.507513284683 1.0 
0.520481526852 0.0 
0.512196719646 1.0 
0.532667398453 1.0 
0.495963037014 0.0 
0.3842484653 1.0 
0.527633965015 0.0 
0.456045359373 0.0 
0.520411252975 0.0 
0.378714293242 1.0 
0.496211916208 1.0 
0.406239151955 1.0 
0.384161859751 1.0 
0.513889193535 1.0 
