0.500568032265 0.0 
0.487968087196 0.0 
0.479121774435 1.0 
0.456388652325 1.0 
0.477631956339 0.0 
0.47274646163 1.0 
0.474184244871 0.0 
0.497576326132 0.0 
0.461888462305 1.0 
0.494965821505 1.0 
0.473732203245 0.0 
0.481473326683 1.0 
0.492623746395 0.0 
0.484333246946 1.0 
0.490230977535 0.0 
0.455178231001 1.0 
0.483340799809 1.0 
0.506723344326 1.0 
0.470787167549 1.0 
0.484530687332 0.0 
0.495878458023 0.0 
0.486928910017 0.0 
0.49457603693 1.0 
0.486003726721 0.0 
0.522024393082 1.0 
0.514916300774 1.0 
0.452852636576 1.0 
0.502783417702 0.0 
0.503311038017 0.0 
0.472976148129 1.0 
0.506898880005 0.0 
0.482986152172 1.0 
0.498001992702 0.0 
0.457931011915 1.0 
0.473795741796 1.0 
0.510105252266 1.0 
0.484016299248 0.0 
0.498471349478 0.0 
0.496461778879 0.0 
0.497625529766 1.0 
0.499226719141 0.0 
0.490253984928 0.0 
0.488238453865 0.0 
0.467916935682 1.0 
0.493955254555 1.0 
0.494505733252 0.0 
0.49254822731 0.0 
0.464559465647 1.0 
0.500241100788 0.0 
0.471281975508 1.0 
0.479742407799 0.0 
0.487135827541 0.0 
0.474338114262 1.0 
0.439864963293 1.0 
0.49058508873 0.0 
0.499330729246 0.0 
0.471985697746 0.0 
0.496029853821 0.0 
0.467229098082 1.0 
0.493281185627 0.0 
0.499618679285 0.0 
0.48242226243 1.0 
0.482966452837 0.0 
0.482497692108 1.0 
0.49827876687 0.0 
0.495411723852 1.0 
0.492438644171 0.0 
0.474781155586 0.0 
0.475986421108 1.0 
0.495308756828 0.0 
0.501769244671 1.0 
0.502880454063 1.0 
0.488594591618 0.0 
0.435908287764 1.0 
0.493976771832 0.0 
0.480517506599 0.0 
0.491918772459 0.0 
0.472201228142 1.0 
0.480064660311 1.0 
0.458475708961 1.0 
0.462709873915 1.0 
0.495436131954 1.0 
