0.502065420151 0.0 
0.500652432442 0.0 
0.44677272439 1.0 
0.436265259981 1.0 
0.46533882618 0.0 
0.442820489407 1.0 
0.464150667191 0.0 
0.485034763813 0.0 
0.450580716133 1.0 
0.474993944168 1.0 
0.479363441467 0.0 
0.484554380178 1.0 
0.491407096386 0.0 
0.497034430504 1.0 
0.495312511921 0.0 
0.442456573248 1.0 
0.440297335386 1.0 
0.50886374712 1.0 
0.479396283627 1.0 
0.481727302074 0.0 
0.500934004784 0.0 
0.487547039986 0.0 
0.481997013092 1.0 
0.484860897064 0.0 
0.50673109293 1.0 
0.49151417613 1.0 
0.462999075651 1.0 
0.49476903677 0.0 
0.476609319448 0.0 
0.486413121223 1.0 
0.498475044966 0.0 
0.479403764009 1.0 
0.479056745768 0.0 
0.465889394283 1.0 
0.445537358522 1.0 
0.509888291359 1.0 
0.485142737627 0.0 
0.500792741776 0.0 
0.484643012285 0.0 
0.464828580618 1.0 
0.490619808435 0.0 
0.497713685036 0.0 
0.453223735094 0.0 
0.460425615311 1.0 
0.466151922941 1.0 
0.497829258442 0.0 
0.46174788475 0.0 
0.467588752508 1.0 
0.472268998623 0.0 
0.453198373318 1.0 
0.481517732143 0.0 
0.478380650282 0.0 
0.485706180334 1.0 
0.420309215784 1.0 
0.496318072081 0.0 
0.484294712543 0.0 
0.474888980389 0.0 
0.5003028512 0.0 
0.471130698919 1.0 
0.493511140347 0.0 
0.494348198175 0.0 
0.464081585407 1.0 
0.453698396683 0.0 
0.483973145485 1.0 
0.483509749174 0.0 
0.490960747004 1.0 
0.489218175411 0.0 
0.48628988862 0.0 
0.468529641628 1.0 
0.487775564194 0.0 
0.47558376193 1.0 
0.491007298231 1.0 
0.485999494791 0.0 
0.441262841225 1.0 
0.476148068905 0.0 
0.452356934547 0.0 
0.468129009008 0.0 
0.421767413616 1.0 
0.462937831879 1.0 
0.467539101839 1.0 
0.443992048502 1.0 
0.479110389948 1.0 
