0.532786369324 0.0 
0.403249680996 0.0 
0.620606899261 1.0 
0.684820950031 1.0 
0.3335070014 0.0 
0.354751884937 1.0 
0.266964673996 0.0 
0.666184842587 0.0 
0.460530281067 1.0 
0.250203222036 1.0 
0.38024058938 0.0 
0.457822293043 1.0 
0.415873855352 0.0 
0.364350736141 1.0 
0.382452994585 0.0 
0.288268983364 1.0 
0.593925237656 1.0 
0.55091136694 1.0 
0.370037257671 1.0 
0.326472014189 0.0 
0.484142541885 0.0 
0.380208015442 0.0 
0.516679883003 1.0 
0.400247782469 0.0 
0.603270053864 1.0 
0.503136217594 1.0 
0.377624601126 1.0 
0.528170645237 0.0 
0.388834029436 0.0 
0.578022778034 1.0 
0.555342018604 0.0 
0.398851245642 1.0 
0.776811301708 0.0 
0.539668738842 1.0 
0.326566934586 1.0 
0.505330085754 1.0 
0.417723983526 0.0 
0.510801851749 0.0 
0.492324501276 0.0 
0.223602548242 1.0 
0.396587520838 0.0 
0.375241577625 0.0 
0.474644243717 0.0 
0.322373896837 1.0 
0.462973564863 1.0 
0.485542476177 0.0 
0.678407788277 0.0 
0.346891641617 1.0 
0.421878635883 0.0 
0.428453505039 1.0 
0.318598359823 0.0 
0.387209326029 0.0 
0.468015760183 1.0 
0.263713032007 1.0 
0.464322060347 0.0 
0.673505306244 0.0 
0.387903869152 0.0 
0.396727830172 0.0 
0.409631252289 1.0 
0.453221946955 0.0 
0.518406629562 0.0 
0.679251611233 1.0 
0.590457856655 0.0 
0.392496079206 1.0 
0.434551090002 0.0 
0.549841940403 1.0 
0.397623836994 0.0 
0.400619208813 0.0 
0.44383457303 1.0 
0.5053139925 0.0 
0.460247665644 1.0 
0.587820291519 1.0 
0.374122679234 0.0 
0.302383542061 1.0 
0.734571933746 0.0 
0.259800672531 0.0 
0.580299377441 0.0 
0.300385028124 1.0 
0.334409207106 1.0 
0.724456489086 1.0 
0.274505138397 1.0 
0.456687778234 1.0 
