0.990685045719 0.0 
5.58229767194e-05 0.0 
0.274328738451 1.0 
0.821277916431 1.0 
0.00827020220459 0.0 
0.0016336038243 1.0 
1.30976213768e-05 0.0 
0.995774447918 0.0 
0.956883132458 1.0 
0.00182691670489 1.0 
0.00984400883317 0.0 
3.98800864332e-07 1.0 
0.991316795349 0.0 
0.0037953259889 1.0 
0.410797387362 0.0 
0.0105650192127 1.0 
4.95535095979e-05 1.0 
0.999093055725 1.0 
0.301904410124 1.0 
0.00400961190462 0.0 
0.609508991241 0.0 
6.63912578602e-05 0.0 
0.997424483299 1.0 
0.863198339939 0.0 
0.019344959408 1.0 
0.726442277431 1.0 
0.351791352034 1.0 
0.934539318085 0.0 
0.0202186368406 0.0 
0.00481075188145 1.0 
0.992846667767 0.0 
9.30629103095e-05 1.0 
0.887460529804 0.0 
0.999985337257 1.0 
0.0198983773589 1.0 
0.000936207827181 1.0 
0.00113720854279 0.0 
0.929385840893 0.0 
0.99991440773 0.0 
3.8370267248e-06 1.0 
0.819911003113 0.0 
0.0253611598164 0.0 
0.000583664979786 0.0 
0.250555932522 1.0 
0.948805749416 1.0 
0.976042628288 0.0 
0.999897480011 0.0 
0.853663504124 1.0 
0.0166849847883 0.0 
0.980300307274 1.0 
0.0657613053918 0.0 
0.0243390891701 0.0 
0.000148055027239 1.0 
0.00138729449827 1.0 
0.950162470341 0.0 
0.995234787464 0.0 
0.220119148493 0.0 
0.000157533868332 0.0 
0.00173083681148 1.0 
0.00105230079498 0.0 
0.0825309082866 0.0 
0.000104545964859 1.0 
0.986730694771 0.0 
0.000439156632638 1.0 
0.794298529625 0.0 
0.0595689415932 1.0 
0.04165937379 0.0 
0.0622292719781 0.0 
0.0380960814655 1.0 
0.146655723453 0.0 
0.0379203520715 1.0 
0.997424006462 1.0 
0.00541784474626 0.0 
0.532756209373 1.0 
0.506902396679 0.0 
0.0031643435359 0.0 
0.000881885935087 0.0 
0.998468339443 1.0 
0.0275660827756 1.0 
0.910291194916 1.0 
0.0561202950776 1.0 
0.999402403831 1.0 
