0.541470050812 0.0 
0.569781243801 0.0 
0.423804402351 1.0 
0.454720467329 1.0 
0.447801351547 0.0 
0.295279234648 1.0 
0.412921011448 0.0 
0.512079298496 0.0 
0.453749626875 1.0 
0.45558282733 1.0 
0.461517721415 0.0 
0.547209143639 1.0 
0.584830343723 0.0 
0.560955882072 1.0 
0.569844305515 0.0 
0.33983746171 1.0 
0.437981188297 1.0 
0.556128263474 1.0 
0.508898377419 1.0 
0.467742472887 0.0 
0.57964360714 0.0 
0.574888050556 0.0 
0.41477766633 1.0 
0.4833727777 0.0 
0.591333150864 1.0 
0.551765263081 1.0 
0.391582995653 1.0 
0.515023350716 0.0 
0.542542338371 0.0 
0.391319394112 1.0 
0.542470932007 0.0 
0.511594295502 1.0 
0.592198133469 0.0 
0.4797129035 1.0 
0.382491290569 1.0 
0.565966069698 1.0 
0.552552640438 0.0 
0.584233522415 0.0 
0.46172824502 0.0 
0.396075457335 1.0 
0.552248597145 0.0 
0.530923008919 0.0 
0.458750009537 0.0 
0.398241251707 1.0 
0.410747051239 1.0 
0.587393343449 0.0 
0.362333297729 0.0 
0.459595739841 1.0 
0.395338565111 0.0 
0.39210742712 1.0 
0.427736729383 0.0 
0.508460819721 0.0 
0.496311068535 1.0 
0.386672765017 1.0 
0.548538327217 0.0 
0.481081217527 0.0 
0.513336360455 0.0 
0.575250267982 0.0 
0.494033783674 1.0 
0.586888551712 0.0 
0.516968667507 0.0 
0.461796224117 1.0 
0.327143967152 0.0 
0.549304902554 1.0 
0.485960930586 0.0 
0.625059902668 1.0 
0.525381267071 0.0 
0.541849076748 0.0 
0.520478963852 1.0 
0.491378933191 0.0 
0.442229479551 1.0 
0.61466217041 1.0 
0.539164721966 0.0 
0.384616881609 1.0 
0.582729518414 0.0 
0.380861401558 0.0 
0.516969203949 0.0 
0.26654034853 1.0 
0.501830995083 1.0 
0.475295305252 1.0 
0.388479560614 1.0 
0.421283364296 1.0 
