0.910846829414 0.0 
0.946519970894 0.0 
8.36716367303e-08 1.0 
0.0162896215916 1.0 
0.0294927190989 0.0 
5.21071979165e-06 1.0 
0.999956965446 0.0 
0.986494898796 0.0 
0.00336913345382 1.0 
0.937258064747 1.0 
0.356862872839 0.0 
0.999966144562 1.0 
0.999999523163 0.0 
1.02154014414e-10 1.0 
0.581570088863 0.0 
1.64652854204e-14 1.0 
0.0908498167992 1.0 
0.954333543777 1.0 
5.56199374842e-05 1.0 
0.00132679473609 0.0 
0.999802410603 0.0 
0.0463999211788 0.0 
0.0530050694942 1.0 
2.36463765759e-05 0.0 
0.999835014343 1.0 
0.342652291059 1.0 
6.47632717853e-13 1.0 
0.712984383106 0.0 
0.00453830650076 0.0 
1.10709197543e-06 1.0 
0.111899212003 0.0 
0.274257779121 1.0 
0.00543222157285 0.0 
0.983737468719 1.0 
0.559054791927 1.0 
0.543443739414 1.0 
0.000953758019023 0.0 
0.905586957932 0.0 
0.951927304268 0.0 
0.887860000134 1.0 
6.36004983789e-07 0.0 
0.333782166243 0.0 
0.246230363846 0.0 
0.0701555609703 1.0 
0.1626598984 1.0 
0.999921321869 0.0 
0.120067231357 0.0 
0.0816890746355 1.0 
0.26149597764 0.0 
0.998445689678 1.0 
4.48630726169e-06 0.0 
0.0630673021078 0.0 
0.999953627586 1.0 
1.24252208522e-09 1.0 
0.940567374229 0.0 
0.818555235863 0.0 
0.0836470425129 0.0 
0.999304413795 0.0 
0.999999880791 1.0 
0.221771284938 0.0 
0.00777372159064 0.0 
1.91735509247e-07 1.0 
0.987087607384 0.0 
1.70261057519e-06 1.0 
0.00013341390877 0.0 
0.999624967575 1.0 
0.854626774788 0.0 
0.000877598300576 0.0 
0.989073812962 1.0 
0.00174519955181 0.0 
0.999423742294 1.0 
0.356520473957 1.0 
0.00942911207676 0.0 
0.887411236763 1.0 
0.997016906738 0.0 
0.999715030193 0.0 
0.999998569489 0.0 
2.40960407183e-09 1.0 
0.127168089151 1.0 
0.993871212006 1.0 
9.33386982069e-05 1.0 
0.967239975929 1.0 
