0.0265309773386 0.0 
0.00682100094855 0.0 
0.00375390797853 1.0 
0.208590820432 1.0 
0.00536298798397 0.0 
2.26539395953e-05 1.0 
1.24775033328e-05 0.0 
0.000355849391781 0.0 
0.999618530273 1.0 
0.00950920023024 1.0 
0.000555975770112 0.0 
0.415748178959 1.0 
1.0 0.0 
4.79571754113e-05 1.0 
0.367345690727 0.0 
2.64471873379e-06 1.0 
0.133312508464 1.0 
0.733987808228 1.0 
0.00484416773543 1.0 
0.000289083953248 0.0 
0.211872979999 0.0 
0.994924426079 0.0 
7.67557212384e-05 1.0 
4.82873110741e-05 0.0 
0.99554848671 1.0 
0.000781513517722 1.0 
4.60083829239e-05 1.0 
0.0122506991029 0.0 
0.979925692081 0.0 
4.07547713621e-06 1.0 
0.6188570261 0.0 
0.340885072947 1.0 
0.144468709826 0.0 
0.892636835575 1.0 
6.37165769035e-08 1.0 
0.000343961437466 1.0 
0.000295621226542 0.0 
0.417624115944 0.0 
0.0120026227087 0.0 
8.12039324671e-09 1.0 
0.12205645442 0.0 
0.0334437079728 0.0 
0.649645268917 0.0 
0.00106124021113 1.0 
0.000454887252999 1.0 
0.919713437557 0.0 
0.0391666702926 0.0 
6.49518187856e-05 1.0 
0.000203038827749 0.0 
1.7726428041e-06 1.0 
6.93648325978e-05 0.0 
0.0817927643657 0.0 
0.0981682017446 1.0 
0.469907492399 1.0 
0.0112497573718 0.0 
0.000777224893682 0.0 
0.278979152441 0.0 
0.00442983116955 0.0 
0.635044038296 1.0 
1.0 0.0 
0.00273672072217 0.0 
0.172910451889 1.0 
0.0028147934936 0.0 
2.53581077914e-07 1.0 
0.0736804157495 0.0 
0.999778449535 1.0 
0.994097828865 0.0 
0.604995965958 0.0 
0.640806853771 1.0 
0.00107255508192 0.0 
0.993250250816 1.0 
0.994408249855 1.0 
0.115015752614 0.0 
0.275024294853 1.0 
0.999999880791 0.0 
4.8260197218e-05 0.0 
0.0507374480367 0.0 
3.83464248443e-05 1.0 
0.25582832098 1.0 
0.449412286282 1.0 
0.0711423754692 1.0 
0.0159334354103 1.0 
