0.0346189774573 0.0 
0.209436833858 0.0 
0.0874852761626 1.0 
0.000159916336997 1.0 
0.000258680578554 0.0 
9.42191836657e-05 1.0 
5.33927391189e-07 0.0 
0.861200511456 0.0 
0.308364421129 1.0 
0.989832878113 1.0 
0.0399474799633 0.0 
0.757202267647 1.0 
1.0 0.0 
3.37785400006e-06 1.0 
0.742798984051 0.0 
0.0658692196012 1.0 
0.161902174354 1.0 
0.993236005306 1.0 
0.0877847149968 1.0 
0.296592801809 0.0 
0.00661374488845 0.0 
0.0540035031736 0.0 
0.000491881510243 1.0 
0.000487777113449 0.0 
0.999998569489 1.0 
0.595650315285 1.0 
4.60389310319e-05 1.0 
0.595524549484 0.0 
0.731913924217 0.0 
1.38905556923e-06 1.0 
0.996184766293 0.0 
0.894803583622 1.0 
0.982260525227 0.0 
0.998835623264 1.0 
2.10586463822e-07 1.0 
0.0175596158952 1.0 
0.542868256569 0.0 
0.235181063414 0.0 
0.00749132642522 0.0 
0.000670781184454 1.0 
0.770511269569 0.0 
0.625691771507 0.0 
0.0012602066854 0.0 
0.998100340366 1.0 
0.0913344025612 1.0 
0.994946777821 0.0 
9.21723585634e-06 0.0 
0.202178776264 1.0 
0.000718573282938 0.0 
0.000534772407264 1.0 
0.000543702626601 0.0 
0.0607688464224 0.0 
0.0371454283595 1.0 
0.00166936067399 1.0 
0.940654814243 0.0 
0.182466074824 0.0 
0.999925494194 0.0 
0.0311881043017 0.0 
0.0142052210867 1.0 
0.999999165535 0.0 
0.00316519965418 0.0 
0.0399074852467 1.0 
0.61818420887 0.0 
5.2975287872e-06 1.0 
0.334703683853 0.0 
0.999623775482 1.0 
0.860437095165 0.0 
0.999404668808 0.0 
0.197203472257 1.0 
0.00612352741882 0.0 
2.13652965613e-05 1.0 
0.860891819 1.0 
0.716138005257 0.0 
0.776597201824 1.0 
1.0 0.0 
0.257505953312 0.0 
0.000260339555098 0.0 
0.578227818012 1.0 
0.000275221391348 1.0 
0.847062766552 1.0 
0.999986052513 1.0 
0.957524061203 1.0 
