0.521681904793 0.0 
0.534244596958 0.0 
0.389775842428 1.0 
0.401099890471 1.0 
0.463325887918 0.0 
0.387793660164 1.0 
0.42107719183 0.0 
0.502072751522 0.0 
0.433033794165 1.0 
0.446363270283 1.0 
0.471332758665 0.0 
0.511209249496 1.0 
0.500157177448 0.0 
0.529097676277 1.0 
0.506878614426 0.0 
0.385161787271 1.0 
0.406324505806 1.0 
0.536573052406 1.0 
0.477609038353 1.0 
0.480366259813 0.0 
0.538964152336 0.0 
0.498649984598 0.0 
0.465125024319 1.0 
0.506713211536 0.0 
0.522465765476 1.0 
0.486405074596 1.0 
0.415785700083 1.0 
0.523222625256 0.0 
0.45574516058 0.0 
0.41480126977 1.0 
0.515994012356 0.0 
0.511209666729 1.0 
0.529656052589 0.0 
0.455155044794 1.0 
0.400648325682 1.0 
0.536100685596 1.0 
0.496241539717 0.0 
0.544060528278 0.0 
0.467367202044 0.0 
0.430661052465 1.0 
0.475526630878 0.0 
0.516681015491 0.0 
0.41741257906 0.0 
0.418267011642 1.0 
0.448164105415 1.0 
0.527619302273 0.0 
0.406477034092 0.0 
0.459209471941 1.0 
0.451175540686 0.0 
0.421815156937 1.0 
0.456465363503 0.0 
0.500160515308 0.0 
0.475343793631 1.0 
0.366474747658 1.0 
0.510668575764 0.0 
0.494686603546 0.0 
0.488842457533 0.0 
0.546997725964 0.0 
0.460543006659 1.0 
0.514115333557 0.0 
0.528645515442 0.0 
0.428946852684 1.0 
0.371598929167 0.0 
0.523183763027 1.0 
0.470583707094 0.0 
0.528558373451 1.0 
0.526233315468 0.0 
0.496607542038 0.0 
0.443731725216 1.0 
0.474738061428 0.0 
0.449929207563 1.0 
0.537386059761 1.0 
0.504324316978 0.0 
0.355692207813 1.0 
0.516738712788 0.0 
0.421614319086 0.0 
0.453251451254 0.0 
0.365057617426 1.0 
0.414647072554 1.0 
0.419872581959 1.0 
0.39946192503 1.0 
0.4777803123 1.0 
