0.449388116598 0.0 
0.978524744511 0.0 
5.33954334969e-07 1.0 
0.989465475082 1.0 
6.41880478724e-06 0.0 
1.51990107042e-05 1.0 
0.979702532291 0.0 
0.67698597908 0.0 
0.451397895813 1.0 
0.475995510817 1.0 
0.000315282057272 0.0 
0.999992012978 1.0 
0.999999165535 0.0 
1.02698049717e-11 1.0 
0.0714400410652 0.0 
9.29371868352e-09 1.0 
0.932154774666 1.0 
0.983969211578 1.0 
1.62882486165e-06 1.0 
0.000114558075438 0.0 
0.958218753338 0.0 
0.000385176565032 0.0 
0.028795119375 1.0 
2.01415673473e-06 0.0 
0.983075380325 1.0 
0.252167254686 1.0 
3.61371155222e-10 1.0 
0.49837616086 0.0 
0.999998807907 0.0 
1.00447616891e-09 1.0 
0.0763010233641 0.0 
0.921905577183 1.0 
0.0260555725545 0.0 
0.998106122017 1.0 
0.682637751102 1.0 
0.0203683618456 1.0 
0.0112508125603 0.0 
0.655074238777 0.0 
3.42907187587e-05 0.0 
0.0379844419658 1.0 
0.0110929291695 0.0 
0.853927850723 0.0 
0.999998092651 0.0 
0.110546633601 1.0 
0.679923892021 1.0 
0.101371139288 0.0 
0.0124642541632 0.0 
0.000905201188289 1.0 
0.00340733863413 0.0 
0.128704920411 1.0 
4.65269613414e-06 0.0 
0.0283604394644 0.0 
0.999998927116 1.0 
0.000458038179204 1.0 
2.39107384914e-06 0.0 
0.0128179192543 0.0 
9.17413271964e-05 0.0 
0.982275605202 0.0 
0.999997496605 1.0 
1.0 0.0 
6.77336211083e-05 0.0 
3.82235157304e-06 1.0 
0.00152266502846 0.0 
2.91171568279e-06 1.0 
0.00452195107937 0.0 
0.998824179173 1.0 
0.0812024846673 0.0 
0.110580965877 0.0 
0.980146825314 1.0 
0.00174555345438 0.0 
0.161663293839 1.0 
0.994935333729 1.0 
0.437662899494 0.0 
0.999800741673 1.0 
0.99998986721 0.0 
0.064802929759 0.0 
0.999508976936 0.0 
0.000986493658274 1.0 
0.994095206261 1.0 
0.998584151268 1.0 
0.000250476499787 1.0 
0.837825596333 1.0 
