0.0715052932501 0.0 
0.00385892158374 0.0 
0.967210829258 1.0 
0.51976788044 1.0 
0.447314292192 0.0 
0.46711397171 1.0 
0.000338553567417 0.0 
0.08308814466 0.0 
0.952764868736 1.0 
4.67551899419e-06 1.0 
0.219729363918 0.0 
0.00142424169462 1.0 
0.944026350975 0.0 
0.000123655016068 1.0 
0.339932531118 0.0 
0.000213086153963 1.0 
0.999707639217 1.0 
0.987543940544 1.0 
0.0466784015298 1.0 
0.0391011722386 0.0 
0.332710534334 0.0 
0.0164586864412 0.0 
0.88171672821 1.0 
0.227496430278 0.0 
0.999422907829 1.0 
0.997542500496 1.0 
0.809989929199 1.0 
0.999062120914 0.0 
0.708119750023 0.0 
0.60821890831 1.0 
0.989059925079 0.0 
0.0020661377348 1.0 
0.996822595596 0.0 
0.926805138588 1.0 
0.0584034919739 1.0 
0.0183547083288 1.0 
0.18575912714 0.0 
0.642642259598 0.0 
0.912669181824 0.0 
1.78326388323e-06 1.0 
0.110941208899 0.0 
0.508530795574 0.0 
0.00435780128464 0.0 
0.559753060341 1.0 
0.179763808846 1.0 
0.975455403328 0.0 
0.999766528606 0.0 
0.103129386902 1.0 
0.6408020854 0.0 
0.273792147636 1.0 
0.279884546995 0.0 
0.000159459392307 0.0 
0.000107565152575 1.0 
0.22499640286 1.0 
0.978800177574 0.0 
0.964232504368 0.0 
0.556324064732 0.0 
0.000584104622249 0.0 
4.40120165877e-05 1.0 
0.486667573452 0.0 
0.177731901407 0.0 
0.000559842970688 1.0 
0.999763429165 0.0 
0.00662798807025 1.0 
0.107757747173 0.0 
0.729039609432 1.0 
0.000727351289243 0.0 
0.291310757399 0.0 
0.247944667935 1.0 
0.183334067464 0.0 
0.0223540067673 1.0 
0.824468195438 1.0 
0.22780841589 0.0 
0.162420451641 1.0 
0.969073355198 0.0 
0.0123652713373 0.0 
0.218436509371 0.0 
0.543296635151 1.0 
0.13507694006 1.0 
0.998530626297 1.0 
0.1071235165 1.0 
0.991992950439 1.0 
