0.503019213676 0.0 
0.496039003134 0.0 
0.457475066185 1.0 
0.433676689863 1.0 
0.47060739994 0.0 
0.439480066299 1.0 
0.471521675587 0.0 
0.490084826946 0.0 
0.442335247993 1.0 
0.478441387415 1.0 
0.471703529358 0.0 
0.482467353344 1.0 
0.496821373701 0.0 
0.497384488583 1.0 
0.494753032923 0.0 
0.448302358389 1.0 
0.462629884481 1.0 
0.511643767357 1.0 
0.471176713705 1.0 
0.477197319269 0.0 
0.506372988224 0.0 
0.493439882994 0.0 
0.474561005831 1.0 
0.48309057951 0.0 
0.509669840336 1.0 
0.512144625187 1.0 
0.443322598934 1.0 
0.505887210369 0.0 
0.492146223783 0.0 
0.447346180677 1.0 
0.499742567539 0.0 
0.484226435423 1.0 
0.488863199949 0.0 
0.452688843012 1.0 
0.45259270072 1.0 
0.508928537369 1.0 
0.491968482733 0.0 
0.501718819141 0.0 
0.484682679176 0.0 
0.479187041521 1.0 
0.484427124262 0.0 
0.498070955276 0.0 
0.469390749931 0.0 
0.453968167305 1.0 
0.47413495183 1.0 
0.496009260416 0.0 
0.467276543379 0.0 
0.466967880726 1.0 
0.476468861103 0.0 
0.448023855686 1.0 
0.469821274281 0.0 
0.485997885466 0.0 
0.468485623598 1.0 
0.417612165213 1.0 
0.493692785501 0.0 
0.493157744408 0.0 
0.471709519625 0.0 
0.497343719006 0.0 
0.455629467964 1.0 
0.493129372597 0.0 
0.498799204826 0.0 
0.472311019897 1.0 
0.447445571423 0.0 
0.490828126669 1.0 
0.485633671284 0.0 
0.491804838181 1.0 
0.493278294802 0.0 
0.467219591141 0.0 
0.460957497358 1.0 
0.484623342752 0.0 
0.478222429752 1.0 
0.496545851231 1.0 
0.491065323353 0.0 
0.415154010057 1.0 
0.481967896223 0.0 
0.463952153921 0.0 
0.472411364317 0.0 
0.431004494429 1.0 
0.455034464598 1.0 
0.443502217531 1.0 
0.448358118534 1.0 
0.482515454292 1.0 
