0.415408015251 0.0 
0.891404390335 0.0 
1.72305340129e-06 1.0 
0.0244050640613 1.0 
0.00104009464849 0.0 
0.0110293142498 1.0 
0.358785539865 0.0 
0.70286911726 0.0 
0.999987483025 1.0 
0.0326398536563 1.0 
0.0092946710065 0.0 
0.999104559422 1.0 
1.0 0.0 
6.6492880535e-08 1.0 
0.106768488884 0.0 
4.91644786962e-05 1.0 
0.0682437345386 1.0 
0.878148436546 1.0 
9.19070043892e-06 1.0 
0.00502557819709 0.0 
0.999237060547 0.0 
0.0333571620286 0.0 
0.161629706621 1.0 
0.0186415314674 0.0 
0.532184839249 1.0 
0.0338170230389 1.0 
0.0460809245706 1.0 
0.999159216881 0.0 
0.999999284744 0.0 
8.99269252841e-07 1.0 
0.990214467049 0.0 
0.00933749135584 1.0 
0.188311979175 0.0 
0.999805748463 1.0 
0.0822715014219 1.0 
0.00412854971364 1.0 
6.51255395496e-05 0.0 
0.999636173248 0.0 
0.143433392048 0.0 
0.0205139759928 1.0 
0.999335348606 0.0 
0.0917484909296 0.0 
0.999944210052 0.0 
0.0122367674485 1.0 
0.0941676720977 1.0 
0.0394645482302 0.0 
0.000197802466573 0.0 
0.00115837540943 1.0 
0.00344497757033 0.0 
0.00787678081542 1.0 
0.940023601055 0.0 
0.000272118544672 0.0 
0.975936889648 1.0 
0.663536846638 1.0 
0.00595489796251 0.0 
0.0974133759737 0.0 
0.000681597972289 0.0 
0.54372048378 0.0 
0.830551803112 1.0 
0.999999761581 0.0 
0.000512423401233 0.0 
0.00139848841354 1.0 
0.00474168779328 0.0 
0.00316986860707 1.0 
0.00311038619839 0.0 
0.999974489212 1.0 
0.0293668881059 0.0 
0.00444119237363 0.0 
0.999522805214 1.0 
0.0764271095395 0.0 
0.196855381131 1.0 
0.999909877777 1.0 
0.101921468973 0.0 
0.460147678852 1.0 
0.999998211861 0.0 
0.244255065918 0.0 
1.0 0.0 
6.03130720265e-05 1.0 
0.977319598198 1.0 
0.0285226050764 1.0 
0.0335623770952 1.0 
0.962490797043 1.0 
