0.99809128046 0.0 
2.50452814043e-07 0.0 
0.159345194697 1.0 
0.999990701675 1.0 
0.360239505768 0.0 
0.00580925354734 1.0 
0.960063517094 0.0 
0.999996185303 0.0 
0.239126384258 1.0 
0.259465366602 1.0 
0.994223892689 0.0 
1.06999168565e-05 1.0 
0.999979257584 0.0 
6.48363420623e-05 1.0 
0.00287612923421 0.0 
0.99999153614 1.0 
0.935081422329 1.0 
0.99996805191 1.0 
0.803505599499 1.0 
0.679687738419 0.0 
0.987604379654 0.0 
0.999954223633 0.0 
0.781399071217 1.0 
0.998728215694 0.0 
0.999996066093 1.0 
0.999998807907 1.0 
0.000384377432056 1.0 
0.00135393138044 0.0 
2.9355891229e-07 0.0 
0.0736347734928 1.0 
9.51005276875e-05 0.0 
0.0018240615027 1.0 
0.999978065491 0.0 
0.996237516403 1.0 
0.999929428101 1.0 
0.956344664097 1.0 
0.738793373108 0.0 
0.609804213047 0.0 
0.547131061554 0.0 
5.28010741618e-06 1.0 
4.59025905002e-05 0.0 
0.488645106554 0.0 
5.32879630555e-06 0.0 
0.193524077535 1.0 
0.746276915073 1.0 
0.992793083191 0.0 
0.164401233196 0.0 
0.919298112392 1.0 
0.389875352383 0.0 
5.58014216949e-05 1.0 
0.0122859701514 0.0 
0.782764434814 0.0 
0.908783435822 1.0 
0.0146368164569 1.0 
0.362935811281 0.0 
0.455859065056 0.0 
0.806604743004 0.0 
0.026855673641 0.0 
0.000203775431146 1.0 
0.935687303543 0.0 
0.00726968469098 0.0 
0.00139593891799 1.0 
0.99989759922 0.0 
0.00403213314712 1.0 
0.980461835861 0.0 
0.807628929615 1.0 
0.992334425449 0.0 
0.0250018313527 0.0 
0.987709403038 1.0 
0.874323904514 0.0 
0.998380661011 1.0 
0.999758422375 1.0 
0.0163261033595 0.0 
1.57210677809e-09 1.0 
0.999925732613 0.0 
0.66265386343 0.0 
2.77083556099e-09 0.0 
0.99967610836 1.0 
0.986804127693 1.0 
0.999995470047 1.0 
0.0149355335161 1.0 
0.999172329903 1.0 
