0.489348292351 0.0 
0.51541775465 0.0 
0.405192553997 1.0 
0.431531280279 1.0 
0.456804841757 0.0 
0.37175232172 1.0 
0.442310988903 0.0 
0.495009481907 0.0 
0.44247764349 1.0 
0.43903067708 1.0 
0.460771918297 0.0 
0.498464047909 1.0 
0.495431751013 0.0 
0.506370902061 1.0 
0.503416836262 0.0 
0.401511251926 1.0 
0.420994818211 1.0 
0.516789615154 1.0 
0.476952821016 1.0 
0.459729760885 0.0 
0.510093033314 0.0 
0.504863202572 0.0 
0.441852658987 1.0 
0.483819395304 0.0 
0.488657385111 1.0 
0.462219804525 1.0 
0.436882615089 1.0 
0.489201575518 0.0 
0.42414572835 0.0 
0.440418750048 1.0 
0.499000191689 0.0 
0.486557513475 1.0 
0.507922172546 0.0 
0.46046769619 1.0 
0.411850631237 1.0 
0.509486019611 1.0 
0.490650117397 0.0 
0.514210581779 0.0 
0.473843276501 0.0 
0.409443885088 1.0 
0.463970452547 0.0 
0.511041998863 0.0 
0.446136653423 0.0 
0.418124765158 1.0 
0.411354511976 1.0 
0.497543036938 0.0 
0.412119716406 0.0 
0.465636342764 1.0 
0.433819025755 0.0 
0.428623616695 1.0 
0.44941675663 0.0 
0.486887156963 0.0 
0.496613770723 1.0 
0.38321056962 1.0 
0.497972488403 0.0 
0.46240657568 0.0 
0.473028123379 0.0 
0.532171428204 0.0 
0.479571253061 1.0 
0.489623606205 0.0 
0.480409353971 0.0 
0.442933470011 1.0 
0.387684077024 0.0 
0.505449175835 1.0 
0.462471008301 0.0 
0.518959581852 1.0 
0.516926944256 0.0 
0.479320257902 0.0 
0.45601940155 1.0 
0.463141828775 0.0 
0.431665271521 1.0 
0.52720695734 1.0 
0.486182153225 0.0 
0.383801847696 1.0 
0.507972836494 0.0 
0.424718052149 0.0 
0.455803632736 0.0 
0.346139788628 1.0 
0.448750048876 1.0 
0.449190735817 1.0 
0.405459463596 1.0 
0.426464796066 1.0 
