0.484661847353 0.0 
0.505390644073 0.0 
0.446381896734 1.0 
0.428605616093 1.0 
0.452366262674 0.0 
0.423010259867 1.0 
0.417684853077 0.0 
0.488479346037 0.0 
0.451683372259 1.0 
0.435692459345 1.0 
0.449785232544 0.0 
0.493513643742 1.0 
0.480628669262 0.0 
0.498804420233 1.0 
0.489543378353 0.0 
0.398911982775 1.0 
0.426333963871 1.0 
0.502297639847 1.0 
0.466628164053 1.0 
0.475393295288 0.0 
0.504313111305 0.0 
0.495400100946 0.0 
0.458715707064 1.0 
0.472361385822 0.0 
0.473737418652 1.0 
0.474583238363 1.0 
0.421649217606 1.0 
0.504475414753 0.0 
0.43270534277 0.0 
0.441860169172 1.0 
0.501999855042 0.0 
0.487748146057 1.0 
0.481046676636 0.0 
0.476840347052 1.0 
0.413683474064 1.0 
0.498122423887 1.0 
0.485400259495 0.0 
0.50495070219 0.0 
0.473212957382 0.0 
0.425473481417 1.0 
0.432651907206 0.0 
0.478932827711 0.0 
0.411955684423 0.0 
0.428890019655 1.0 
0.454953670502 1.0 
0.505016446114 0.0 
0.417941570282 0.0 
0.455782651901 1.0 
0.452595561743 0.0 
0.433111727238 1.0 
0.462474197149 0.0 
0.485703200102 0.0 
0.469546467066 1.0 
0.379984796047 1.0 
0.498909682035 0.0 
0.481511682272 0.0 
0.476027846336 0.0 
0.510965764523 0.0 
0.443948358297 1.0 
0.478482186794 0.0 
0.486148416996 0.0 
0.430559754372 1.0 
0.393326967955 0.0 
0.503026306629 1.0 
0.467974185944 0.0 
0.494418472052 1.0 
0.48705136776 0.0 
0.474714964628 0.0 
0.443527668715 1.0 
0.471017569304 0.0 
0.45144110918 1.0 
0.502347111702 1.0 
0.478912293911 0.0 
0.383335798979 1.0 
0.479110121727 0.0 
0.408975720406 0.0 
0.440714627504 0.0 
0.406287699938 1.0 
0.424189597368 1.0 
0.444662839174 1.0 
0.42069080472 1.0 
0.45057246089 1.0 
