0.987144768238 0.0 
0.939668416977 0.0 
0.988097846508 1.0 
6.93517904438e-07 1.0 
0.273834586143 0.0 
0.915587007999 1.0 
0.999995589256 0.0 
0.999874830246 0.0 
0.000513815961313 1.0 
0.999980092049 1.0 
0.139431476593 0.0 
0.999913454056 1.0 
0.999995112419 0.0 
0.54009437561 1.0 
0.000658213917632 0.0 
0.000156997775775 1.0 
0.701338768005 1.0 
0.354652166367 1.0 
0.109715327621 1.0 
0.00368409813382 0.0 
0.999899506569 0.0 
0.852354943752 0.0 
0.158150881529 1.0 
0.988140583038 0.0 
0.999999880791 1.0 
1.0 1.0 
2.55368243912e-11 1.0 
0.616173863411 0.0 
0.982521116734 0.0 
2.74000324652e-08 1.0 
0.8772341609 0.0 
0.999675393105 1.0 
0.987891793251 0.0 
0.265956699848 1.0 
1.0 1.0 
0.635221898556 1.0 
0.585248887539 0.0 
0.96953445673 0.0 
0.00645520305261 0.0 
0.999953150749 1.0 
0.830197989941 0.0 
0.930508553982 0.0 
0.893476605415 0.0 
4.81919460071e-06 1.0 
0.999987483025 1.0 
0.881363987923 0.0 
0.989503026009 0.0 
0.108813747764 1.0 
0.111476525664 0.0 
0.898336589336 1.0 
0.000128911808133 0.0 
0.971848785877 0.0 
0.160752370954 1.0 
0.00201241462491 1.0 
0.624173462391 0.0 
0.28296110034 0.0 
0.0771505311131 0.0 
0.392026543617 0.0 
0.00792117789388 1.0 
0.999997973442 0.0 
0.637437880039 0.0 
0.621232092381 1.0 
0.952711224556 0.0 
0.000443816650659 1.0 
0.00192977231927 0.0 
0.559190928936 1.0 
0.434588164091 0.0 
0.00957726687193 0.0 
0.00779877603054 1.0 
0.00179191527423 0.0 
0.960276305676 1.0 
0.915375590324 1.0 
0.117414817214 0.0 
0.000273413141258 1.0 
0.932262837887 0.0 
0.997482478619 0.0 
0.999944090843 0.0 
7.44464432501e-06 1.0 
0.687256515026 1.0 
0.356396466494 1.0 
0.00708394730464 1.0 
0.979458868504 1.0 
