0.497645437717 0.0 
0.523775458336 0.0 
0.404055058956 1.0 
0.405600637197 1.0 
0.431236118078 0.0 
0.427036732435 1.0 
0.467230081558 0.0 
0.499811172485 0.0 
0.429181993008 1.0 
0.465470582247 1.0 
0.469910413027 0.0 
0.512435436249 1.0 
0.498267710209 0.0 
0.526169002056 1.0 
0.500719070435 0.0 
0.381497621536 1.0 
0.395517617464 1.0 
0.530947804451 1.0 
0.476100921631 1.0 
0.475552797318 0.0 
0.520854771137 0.0 
0.488118618727 0.0 
0.490029752254 1.0 
0.496995478868 0.0 
0.494942963123 1.0 
0.476379394531 1.0 
0.468244552612 1.0 
0.512125492096 0.0 
0.443136781454 0.0 
0.486698240042 1.0 
0.503464639187 0.0 
0.480584084988 1.0 
0.496585428715 0.0 
0.475713998079 1.0 
0.421352356672 1.0 
0.524938106537 1.0 
0.505405962467 0.0 
0.521945714951 0.0 
0.485473245382 0.0 
0.452485144138 1.0 
0.502245306969 0.0 
0.509516835213 0.0 
0.416719973087 0.0 
0.457768112421 1.0 
0.453448265791 1.0 
0.514697015285 0.0 
0.43325740099 0.0 
0.449346601963 1.0 
0.438357681036 0.0 
0.457073152065 1.0 
0.465380638838 0.0 
0.474785625935 0.0 
0.49359062314 1.0 
0.367177218199 1.0 
0.514537036419 0.0 
0.465432941914 0.0 
0.470497190952 0.0 
0.526248216629 0.0 
0.446928322315 1.0 
0.49707442522 0.0 
0.513387739658 0.0 
0.475790470839 1.0 
0.399968206882 0.0 
0.498492926359 1.0 
0.483985126019 0.0 
0.507022976875 1.0 
0.519488871098 0.0 
0.503733694553 0.0 
0.483350545168 1.0 
0.498004287481 0.0 
0.445039272308 1.0 
0.532840311527 1.0 
0.497213155031 0.0 
0.410393834114 1.0 
0.50338190794 0.0 
0.415389835835 0.0 
0.490144610405 0.0 
0.391717016697 1.0 
0.462193459272 1.0 
0.476726979017 1.0 
0.434492915869 1.0 
0.464903950691 1.0 
