0.49296399951 0.0 
0.50581240654 0.0 
0.424007415771 1.0 
0.434180378914 1.0 
0.43956142664 0.0 
0.401795119047 1.0 
0.424417316914 0.0 
0.476827144623 0.0 
0.437453836203 1.0 
0.44551461935 1.0 
0.446324884892 0.0 
0.477853566408 1.0 
0.470816284418 0.0 
0.503285288811 1.0 
0.490404069424 0.0 
0.396125793457 1.0 
0.411649644375 1.0 
0.513114929199 1.0 
0.467382162809 1.0 
0.484205007553 0.0 
0.507346272469 0.0 
0.483630746603 0.0 
0.452220082283 1.0 
0.475579738617 0.0 
0.486333429813 1.0 
0.478042840958 1.0 
0.422847390175 1.0 
0.495982408524 0.0 
0.438711583614 0.0 
0.425020426512 1.0 
0.494202554226 0.0 
0.48551467061 1.0 
0.485348403454 0.0 
0.464661240578 1.0 
0.404271841049 1.0 
0.507687985897 1.0 
0.49000748992 0.0 
0.51073127985 0.0 
0.462088614702 0.0 
0.42589956522 1.0 
0.443241834641 0.0 
0.495551913977 0.0 
0.428107768297 0.0 
0.428746700287 1.0 
0.431122452021 1.0 
0.511173903942 0.0 
0.413409948349 0.0 
0.451020807028 1.0 
0.442822396755 0.0 
0.422414183617 1.0 
0.450852960348 0.0 
0.475793987513 0.0 
0.483754426241 1.0 
0.377997845411 1.0 
0.493578732014 0.0 
0.479541093111 0.0 
0.466629326344 0.0 
0.516910612583 0.0 
0.460211127996 1.0 
0.471631169319 0.0 
0.490486264229 0.0 
0.42450594902 1.0 
0.387301743031 0.0 
0.507339119911 1.0 
0.462207794189 0.0 
0.505057156086 1.0 
0.490852802992 0.0 
0.476750612259 0.0 
0.451213032007 1.0 
0.47566473484 0.0 
0.445115208626 1.0 
0.508770525455 1.0 
0.487533181906 0.0 
0.385985821486 1.0 
0.48127913475 0.0 
0.414273828268 0.0 
0.432650595903 0.0 
0.382723689079 1.0 
0.432085633278 1.0 
0.456679731607 1.0 
0.408330738544 1.0 
0.447188675404 1.0 
