0.0444662682712 0.0 
0.00258624926209 0.0 
2.386763299e-06 1.0 
0.179349169135 1.0 
3.39364487445e-05 0.0 
3.98908059651e-06 1.0 
7.23014818504e-05 0.0 
0.895657896996 0.0 
0.461960613728 1.0 
0.0345681384206 1.0 
0.0175228845328 0.0 
0.996570467949 1.0 
1.0 0.0 
6.69300643494e-05 1.0 
0.00219705328345 0.0 
9.37236919185e-08 1.0 
0.115007981658 1.0 
0.996856689453 1.0 
0.851121783257 1.0 
0.574680566788 0.0 
0.992348670959 0.0 
0.15907651186 0.0 
0.00744668068364 1.0 
0.00158300297335 0.0 
0.758340120316 1.0 
0.154167711735 1.0 
5.52900528419e-05 1.0 
0.435145229101 0.0 
0.999963879585 0.0 
1.21836565086e-05 1.0 
0.984759747982 0.0 
0.00470752548426 1.0 
0.998557507992 0.0 
0.999479115009 1.0 
4.62025036541e-06 1.0 
0.941009640694 1.0 
0.601990461349 0.0 
0.733680009842 0.0 
7.43525961298e-05 0.0 
0.752640664577 1.0 
0.997273027897 0.0 
0.0217308029532 0.0 
0.998993813992 0.0 
0.724823355675 1.0 
0.219050168991 1.0 
0.857238829136 0.0 
1.95343022824e-06 0.0 
0.0157011002302 1.0 
0.203609332442 0.0 
0.00071071262937 1.0 
0.00283433729783 0.0 
0.143853619695 0.0 
0.997674643993 1.0 
6.54529571875e-07 1.0 
0.0375933386385 0.0 
0.000119216914754 0.0 
0.0637104734778 0.0 
0.152260139585 0.0 
0.935742020607 1.0 
0.984584867954 0.0 
0.0910794734955 0.0 
3.74068695237e-05 1.0 
0.0790494307876 0.0 
0.00566176045686 1.0 
0.143017619848 0.0 
0.99981290102 1.0 
0.857951045036 0.0 
0.00638302601874 0.0 
0.998486101627 1.0 
0.00326914689504 0.0 
3.54518015229e-05 1.0 
0.853040456772 1.0 
0.00369614060037 0.0 
0.305203258991 1.0 
0.628856480122 0.0 
0.201302751899 0.0 
0.999523878098 0.0 
0.000438518327428 1.0 
0.0402440614998 1.0 
0.868295311928 1.0 
0.979472398758 1.0 
0.0565270222723 1.0 
