0.518736124039 0.0 
0.539660334587 0.0 
0.423389822245 1.0 
0.441217213869 1.0 
0.443560183048 0.0 
0.350063174963 1.0 
0.431659013033 0.0 
0.4859418571 0.0 
0.4220469594 1.0 
0.489295303822 1.0 
0.438201218843 0.0 
0.523657262325 1.0 
0.548231840134 0.0 
0.53580135107 1.0 
0.538859724998 0.0 
0.375619739294 1.0 
0.439607143402 1.0 
0.562164664268 1.0 
0.493100702763 1.0 
0.495378345251 0.0 
0.556867659092 0.0 
0.50621253252 0.0 
0.452224105597 1.0 
0.489894360304 0.0 
0.573584973812 1.0 
0.553860187531 1.0 
0.410235673189 1.0 
0.511470377445 0.0 
0.51470708847 0.0 
0.420339167118 1.0 
0.509284555912 0.0 
0.496096313 1.0 
0.535601019859 0.0 
0.452294141054 1.0 
0.408274412155 1.0 
0.560368657112 1.0 
0.533021748066 0.0 
0.545885682106 0.0 
0.462265312672 0.0 
0.503893136978 1.0 
0.539440870285 0.0 
0.533325374126 0.0 
0.452695339918 0.0 
0.459867238998 1.0 
0.421458899975 1.0 
0.547669649124 0.0 
0.411630421877 0.0 
0.471025198698 1.0 
0.454570502043 0.0 
0.434273868799 1.0 
0.455277144909 0.0 
0.499239951372 0.0 
0.520304918289 1.0 
0.349945396185 1.0 
0.530566096306 0.0 
0.469546049833 0.0 
0.500003159046 0.0 
0.548650860786 0.0 
0.475740075111 1.0 
0.548132002354 0.0 
0.501138687134 0.0 
0.437683701515 1.0 
0.372904092073 0.0 
0.53701454401 1.0 
0.505391597748 0.0 
0.573662817478 1.0 
0.535733759403 0.0 
0.511968195438 0.0 
0.492054671049 1.0 
0.490141510963 0.0 
0.440946608782 1.0 
0.579180717468 1.0 
0.503042340279 0.0 
0.372897148132 1.0 
0.511757075787 0.0 
0.426433503628 0.0 
0.511793673038 0.0 
0.323940604925 1.0 
0.473326325417 1.0 
0.469584137201 1.0 
0.432637214661 1.0 
0.455215603113 1.0 
