0.545232236385 0.0 
0.384012907743 0.0 
0.604197263718 1.0 
0.637594521046 1.0 
0.429668307304 0.0 
0.42745578289 1.0 
0.418525189161 0.0 
0.681781232357 0.0 
0.496001511812 1.0 
0.283409625292 1.0 
0.440791875124 0.0 
0.410711169243 1.0 
0.439214587212 0.0 
0.360523402691 1.0 
0.376959085464 0.0 
0.423441767693 1.0 
0.561881363392 1.0 
0.519620716572 1.0 
0.414335250854 1.0 
0.407118141651 0.0 
0.461933940649 0.0 
0.397066265345 0.0 
0.505331218243 1.0 
0.497391372919 0.0 
0.551062166691 1.0 
0.510262966156 1.0 
0.392761260271 1.0 
0.38991111517 0.0 
0.457019656897 0.0 
0.574649631977 1.0 
0.420243710279 0.0 
0.41641753912 1.0 
0.730210959911 0.0 
0.538301646709 1.0 
0.414273738861 1.0 
0.458057016134 1.0 
0.393919289112 0.0 
0.455063074827 0.0 
0.575311422348 0.0 
0.280860096216 1.0 
0.473184704781 0.0 
0.357614934444 0.0 
0.586144506931 0.0 
0.413669198751 1.0 
0.52828669548 1.0 
0.463790625334 0.0 
0.584425806999 0.0 
0.426480144262 1.0 
0.480574250221 0.0 
0.44476121664 1.0 
0.423070311546 0.0 
0.475683450699 0.0 
0.543493449688 1.0 
0.447465211153 1.0 
0.469277888536 0.0 
0.67225331068 0.0 
0.458699017763 0.0 
0.390745788813 0.0 
0.479700416327 1.0 
0.378083825111 0.0 
0.488431632519 0.0 
0.550874829292 1.0 
0.521531701088 0.0 
0.373135745525 1.0 
0.449998646975 0.0 
0.560412943363 1.0 
0.446523994207 0.0 
0.460540562868 0.0 
0.462633222342 1.0 
0.469420284033 0.0 
0.435310870409 1.0 
0.551353693008 1.0 
0.403991669416 0.0 
0.452619701624 1.0 
0.684498488903 0.0 
0.424637228251 0.0 
0.617334246635 0.0 
0.456812441349 1.0 
0.456302523613 1.0 
0.642229437828 1.0 
0.394871503115 1.0 
0.475656688213 1.0 
